V1
V2
V3
V4
V5
V6
V7
V8
V9
V10
V11
V12
V13
V14
V15
V16
V17
V18
V19
V20
V21
V22
V23
V24
V25
V26
V27
V28
V29
V30
V31
V32
V33
V34
V35
V36
V37
V38
V39
V40
V41
V42
V43
V44
V45
V46
V47
V48
V49
V50
42713
0
0
0
0
0
0
0
0
1
0
0
0
1
1
0
0
0
1
0
0
0
1
0
0
1
1
0
1
1
1
1
1
1
1
0
1
1
0
1
1
1
1
1
1
1
1
1
1
1
1
4013
0
0
0
0
0
0
0
0
1
0
0
0
1
1
0
0
0
1
0
0
0
1
0
0
1
1
0
1
1
1
1
1
1
1
0
1
1
0
1
1
1
1
1
1
1
1
1
1
1
1
4862
0
0
0
0
0
0
0
0
1
0
0
0
1
1
0
0
0
1
0
0
0
1
0
0
1
1
0
1
1
1
1
1
1
1
0
1
1
0
1
1
1
1
1
1
1
1
1
1
1
1
458
0
0
0
0
0
0
0
0
1
0
0
0
1
1
0
0
0
1
0
0
0
1
0
0
1
1
0
1
1
1
1
1
1
1
0
1
1
0
1
1
1
1
1
1
1
1
1
1
1
1
455
0
0
0
0
0
0
0
0
1
0
0
0
1
1
0
0
0
1
0
0
0
1
0
0
1
1
0
1
1
1
1
1
1
1
0
1
1
0
1
1
1
1
1
1
1
1
1
1
1
1
4732
0
0
0
0
0
0
0
0
1
0
0
0
1
1
0
0
0
1
0
0
0
1
0
0
1
1
0
1
1
1
1
1
1
1
0
1
1
0
1
1
1
1
1
1
1
1
1
1
1
1
4152
0
0
0
0
0
0
0
0
1
0
0
0
1
1
0
0
0
1
0
0
0
1
0
0
1
1
0
1
1
1
1
1
1
1
0
1
1
0
1
1
1
1
1
1
1
1
1
1
1
1
4192
0
0
0
0
0
0
0
0
1
0
0
0
1
1
0
0
0
1
0
0
0
1
0
0
1
1
0
1
1
1
1
1
1
1
0
1
1
0
1
1
1
1
1
1
1
1
1
1
1
1
4783
0
0
0
0
0
0
0
0
1
0
0
0
1
1
0
0
0
1
0
0
0
1
0
0
1
1
0
1
1
1
1
1
1
1
0
1
1
0
1
1
1
1
1
1
1
1
1
1
1
1
407
0
0
0
0
0
0
0
0
1
0
0
0
1
1
0
0
0
1
0
0
0
1
0
0
1
1
0
1
1
1
1
1
1
1
0
1
1
0
1
1
1
1
1
1
1
1
1
1
1
1
4113
0
0
0
0
0
0
0
0
1
0
0
0
1
1
0
0
0
1
0
0
0
1
0
0
1
1
0
1
1
1
1
1
1
1
0
1
1
0
1
1
1
1
1
1
1
1
1
1
1
1
4182
0
0
0
0
0
0
0
0
1
0
0
0
1
1
0
0
0
1
0
0
0
1
0
0
1
1
0
1
1
1
1
1
1
1
0
1
1
0
1
1
1
1
1
1
1
1
1
1
1
1
4302
0
0
0
0
0
0
0
0
1
0
0
0
1
1
0
0
0
1
0
0
0
1
0
0
1
1
0
1
1
1
1
1
1
1
0
1
1
0
1
1
1
1
1
1
1
1
1
1
1
1
4573
0
0
0
0
0
0
0
0
1
0
0
0
1
1
0
0
0
1
0
0
0
1
0
0
1
1
0
1
1
1
1
1
1
1
0
1
1
0
1
1
1
1
1
1
1
1
1
1
1
1
4583
0
0
0
0
0
0
0
0
1
0
0
0
1
1
0
0
0
1
0
0
0
1
0
0
1
1
0
1
1
1
1
1
1
1
0
1
1
0
1
1
1
1
1
1
1
1
1
1
1
1
4603
0
0
0
0
0
0
0
0
1
0
0
0
1
1
0
0
0
1
0
0
0
1
0
0
1
1
0
1
1
1
1
1
1
1
0
1
1
0
1
1
1
1
1
1
1
1
1
1
1
1
4992
0
0
0
0
0
0
0
0
1
0
0
0
1
1
0
0
0
1
0
0
0
1
0
0
1
1
0
1
1
1
1
1
1
1
0
1
1
0
1
1
1
1
1
1
1
1
1
1
1
1
404
0
0
0
0
0
0
0
0
1
0
0
0
1
1
0
0
0
1
0
0
0
1
0
0
1
1
0
1
1
1
1
1
1
1
0
1
1
0
1
1
1
1
1
1
1
1
1
1
1
1
4312
0
0
0
0
0
0
0
0
1
0
0
0
1
1
0
0
0
1
0
0
0
1
0
0
1
1
0
1
1
1
1
1
1
1
0
1
1
0
1
1
1
1
1
1
1
1
1
1
1
1
4472
0
0
0
0
0
0
0
0
1
0
0
0
1
1
0
0
0
1
0
0
0
1
0
0
1
1
0
1
1
1
1
1
1
1
0
1
1
0
1
1
1
1
1
1
1
1
1
1
1
1
4555
0
0
0
0
0
0
0
0
1
0
0
0
1
1
0
0
0
1
0
0
0
1
0
0
1
1
0
1
1
1
1
1
1
1
0
1
1
0
1
1
1
1
1
1
1
1
1
1
1
1
462
0
0
0
0
0
0
0
0
1
0
0
0
1
1
0
0
0
1
0
0
0
1
0
0
1
1
0
1
1
1
1
1
1
1
0
1
1
0
1
1
1
1
1
1
1
1
1
1
1
1
4673
0
0
0
0
0
0
0
0
1
0
0
0
1
1
0
0
0
1
0
0
0
1
0
0
1
1
0
1
1
1
1
1
1
1
0
1
1
0
1
1
1
1
1
1
1
1
1
1
1
1
4722
0
0
0
0
0
0
0
0
1
0
0
0
1
1
0
0
0
1
0
0
0
1
0
0
1
1
0
1
1
1
1
1
1
1
0
1
1
0
1
1
1
1
1
1
1
1
1
1
1
1
477
0
0
0
0
0
0
0
0
1
0
0
0
1
1
0
0
0
1
0
0
0
1
0
0
1
1
0
1
1
1
1
1
1
1
0
1
1
0
1
1
1
1
1
1
1
1
1
1
1
1
4785
0
0
0
0
0
0
0
0
1
0
0
0
1
1
0
0
0
1
0
0
0
1
0
0
1
1
0
1
1
1
1
1
1
1
0
1
1
0
1
1
1
1
1
1
1
1
1
1
1
1
408
0
0
0
0
0
0
0
0
1
0
0
0
1
1
0
0
0
1
0
0
0
1
0
0
1
1
0
1
1
1
1
1
1
1
0
1
1
0
1
1
1
1
1
1
1
1
1
1
1
1
416
0
0
0
0
0
0
0
0
1
0
0
0
1
1
0
0
0
1
0
0
0
1
0
0
1
1
0
1
1
1
1
1
1
1
0
1
1
0
1
1
1
1
1
1
1
1
1
1
1
1
4194
0
0
0
0
0
0
0
0
1
0
0
0
1
1
0
0
0
1
0
0
0
1
0
0
1
1
0
1
1
1
1
1
1
1
0
1
1
0
1
1
1
1
1
1
1
1
1
1
1
1
4402
0
0
0
0
0
0
0
0
1
0
0
0
1
1
0
0
0
1
0
0
0
1
0
0
1
1
0
1
1
1
1
1
1
1
0
1
1
0
1
1
1
1
1
1
1
1
1
1
1
1
4963
0
0
0
0
0
0
0
0
1
0
0
0
1
1
0
0
0
1
0
0
0
1
0
0
1
1
0
1
1
1
1
1
1
1
0
1
1
0
1
1
1
1
1
1
1
1
1
1
1
1
421
0
0
0
0
0
0
0
0
1
0
0
0
1
1
0
0
0
1
0
0
0
1
0
0
1
1
0
1
1
1
1
1
1
1
0
1
1
0
1
1
1
1
1
1
1
1
1
1
1
1
4273
0
0
0
0
0
0
0
0
1
0
0
0
1
1
0
0
0
1
0
0
0
1
0
0
1
1
0
1
1
1
1
1
1
1
0
1
1
0
1
1
1
1
1
1
1
1
1
1
1
1
4442
0
0
0
0
0
0
0
0
1
0
0
0
1
1
0
0
0
1
0
0
0
1
0
0
1
1
0
1
1
1
1
1
1
1
0
1
1
0
1
1
1
1
1
1
1
1
1
1
1
1
4492
0
0
0
0
0
0
0
0
1
0
0
0
1
1
0
0
0
1
0
0
0
1
0
0
1
1
0
1
1
1
1
1
1
1
0
1
1
0
1
1
1
1
1
1
1
1
1
1
1
1
450
0
0
0
0
0
0
0
0
1
0
0
0
1
1
0
0
0
1
0
0
0
1
0
0
1
1
0
1
1
1
1
1
1
1
0
1
1
0
1
1
1
1
1
1
1
1
1
1
1
1
456
0
0
0
0
0
0
0
0
1
0
0
0
1
1
0
0
0
1
0
0
0
1
0
0
1
1
0
1
1
1
1
1
1
1
0
1
1
0
1
1
1
1
1
1
1
1
1
1
1
1
4613
0
0
0
0
0
0
0
0
1
0
0
0
1
1
0
0
0
1
0
0
0
1
0
0
1
1
0
1
1
1
1
1
1
1
0
1
1
0
1
1
1
1
1
1
1
1
1
1
1
1
464
0
0
0
0
0
0
0
0
1
0
0
0
1
1
0
0
0
1
0
0
0
1
0
0
1
1
0
1
1
1
1
1
1
1
0
1
1
0
1
1
1
1
1
1
1
1
1
1
1
1
4803
0
0
0
0
0
0
0
0
1
0
0
0
1
1
0
0
0
1
0
0
0
1
0
0
1
1
0
1
1
1
1
1
1
1
0
1
1
0
1
1
1
1
1
1
1
1
1
1
1
1
4864
0
0
0
0
0
0
0
0
1
0
0
0
1
1
0
0
0
1
0
0
0
1
0
0
1
1
0
1
1
1
1
1
1
1
0
1
1
0
1
1
1
1
1
1
1
1
1
1
1
1
4923
0
0
0
0
0
0
0
0
1
0
0
0
1
1
0
0
0
1
0
0
0
1
0
0
1
1
0
1
1
1
1
1
1
1
0
1
1
0
1
1
1
1
1
1
1
1
1
1
1
1
497
0
0
0
0
0
0
0
0
1
0
0
0
1
1
0
0
0
1
0
0
0
1
0
0
1
1
0
1
1
1
1
1
1
1
0
1
1
0
1
1
1
1
1
1
1
1
1
1
1
1
4993
0
0
0
0
0
0
0
0
1
0
0
0
1
1
0
0
0
1
0
0
0
1
0
0
1
1
0
1
1
1
1
1
1
1
0
1
1
0
1
1
1
1
1
1
1
1
1
1
1
1
4012
0
0
0
0
0
0
0
0
1
0
0
0
1
1
0
0
0
1
0
0
0
1
0
0
1
1
0
1
1
1
1
1
1
1
0
1
1
0
1
1
1
1
1
1
1
1
1
1
1
1
405
0
0
0
0
0
0
0
0
1
0
0
0
1
1
0
0
0
1
0
0
0
1
0
0
1
1
0
1
1
1
1
1
1
1
0
1
1
0
1
1
1
1
1
1
1
1
1
1
1
1
413
0
0
0
0
0
0
0
0
1
0
0
0
1
1
0
0
0
1
0
0
0
1
0
0
1
1
0
1
1
1
1
1
1
1
0
1
1
0
1
1
1
1
1
1
1
1
1
1
1
1
419
0
0
0
0
0
0
0
0
1
0
0
0
1
1
0
0
0
1
0
0
0
1
0
0
1
1
0
1
1
1
1
1
1
1
0
1
1
0
1
1
1
1
1
1
1
1
1
1
1
1
438
0
0
0
0
0
0
0
0
1
0
0
0
1
1
0
0
0
1
0
0
0
1
0
0
1
1
0
1
1
1
1
1
1
1
0
1
1
0
1
1
1
1
1
1
1
1
1
1
1
1
4404
0
0
0
0
0
0
0
0
1
0
0
0
1
1
0
0
0
1
0
0
0
1
0
0
1
1
0
1
1
1
1
1
1
1
0
1
1
0
1
1
1
1
1
1
1
1
1
1
1
1
445
0
0
0
0
0
0
0
0
1
0
0
0
1
1
0
0
0
1
0
0
0
1
0
0
1
1
0
1
1
1
1
1
1
1
0
1
1
0
1
1
1
1
1
1
1
1
1
1
1
1
451
0
0
0
0
0
0
0
0
1
0
0
0
1
1
0
0
0
1
0
0
0
1
0
0
1
1
0
1
1
1
1
1
1
1
0
1
1
0
1
1
1
1
1
1
1
1
1
1
1
1
4582
0
0
0
0
0
0
0
0
1
0
0
0
1
1
0
0
0
1
0
0
0
1
0
0
1
1
0
1
1
1
1
1
1
1
0
1
1
0
1
1
1
1
1
1
1
1
1
1
1
1
4604
0
0
0
0
0
0
0
0
1
0
0
0
1
1
0
0
0
1
0
0
0
1
0
0
1
1
0
1
1
1
1
1
1
1
0
1
1
0
1
1
1
1
1
1
1
1
1
1
1
1
473
0
0
0
0
0
0
0
0
1
0
0
0
1
1
0
0
0
1
0
0
0
1
0
0
1
1
0
1
1
1
1
1
1
1
0
1
1
0
1
1
1
1
1
1
1
1
1
1
1
1
479
0
0
0
0
0
0
0
0
1
0
0
0
1
1
0
0
0
1
0
0
0
1
0
0
1
1
0
1
1
1
1
1
1
1
0
1
1
0
1
1
1
1
1
1
1
1
1
1
1
1
4082
0
0
0
0
0
0
0
0
1
0
0
0
1
1
0
0
0
1
0
0
0
1
0
0
1
1
0
1
1
1
1
1
1
1
0
1
1
0
1
1
1
1
1
1
1
1
1
1
1
1
411
0
0
0
0
0
0
0
0
1
0
0
0
1
1
0
0
0
1
0
0
0
1
0
0
1
1
0
1
1
1
1
1
1
1
0
1
1
0
1
1
1
1
1
1
1
1
1
1
1
1
4195
0
0
0
0
0
0
0
0
1
0
0
0
1
1
0
0
0
1
0
0
0
1
0
0
1
1
0
1
1
1
1
1
1
1
0
1
1
0
1
1
1
1
1
1
1
1
1
1
1
1
420
0
0
0
0
0
0
0
0
1
0
0
0
1
1
0
0
0
1
0
0
0
1
0
0
1
1
0
1
1
1
1
1
1
1
0
1
1
0
1
1
1
1
1
1
1
1
1
1
1
1
4213
0
0
0
0
0
0
0
0
1
0
0
0
1
1
0
0
0
1
0
0
0
1
0
0
1
1
0
1
1
1
1
1
1
1
0
1
1
0
1
1
1
1
1
1
1
1
1
1
1
1
4232
0
0
0
0
0
0
0
0
1
0
0
0
1
1
0
0
0
1
0
0
0
1
0
0
1
1
0
1
1
1
1
1
1
1
0
1
1
0
1
1
1
1
1
1
1
1
1
1
1
1
425
0
0
0
0
0
0
0
0
1
0
0
0
1
1
0
0
0
1
0
0
0
1
0
0
1
1
0
1
1
1
1
1
1
1
0
1
1
0
1
1
1
1
1
1
1
1
1
1
1
1
4372
0
0
0
0
0
0
0
0
1
0
0
0
1
1
0
0
0
1
0
0
0
1
0
0
1
1
0
1
1
1
1
1
1
1
0
1
1
0
1
1
1
1
1
1
1
1
1
1
1
1
4412
0
0
0
0
0
0
0
0
1
0
0
0
1
1
0
0
0
1
0
0
0
1
0
0
1
1
0
1
1
1
1
1
1
1
0
1
1
0
1
1
1
1
1
1
1
1
1
1
1
1
4556
0
0
0
0
0
0
0
0
1
0
0
0
1
1
0
0
0
1
0
0
0
1
0
0
1
1
0
1
1
1
1
1
1
1
0
1
1
0
1
1
1
1
1
1
1
1
1
1
1
1
467
0
0
0
0
0
0
0
0
1
0
0
0
1
1
0
0
0
1
0
0
0
1
0
0
1
1
0
1
1
1
1
1
1
1
0
1
1
0
1
1
1
1
1
1
1
1
1
1
1
1
470
0
0
0
0
0
0
0
0
1
0
0
0
1
1
0
0
0
1
0
0
0
1
0
0
1
1
0
1
1
1
1
1
1
1
0
1
1
0
1
1
1
1
1
1
1
1
1
1
1
1
4763
0
0
0
0
0
0
0
0
1
0
0
0
1
1
0
0
0
1
0
0
0
1
0
0
1
1
0
1
1
1
1
1
1
1
0
1
1
0
1
1
1
1
1
1
1
1
1
1
1
1
478
0
0
0
0
0
0
0
0
1
0
0
0
1
1
0
0
0
1
0
0
0
1
0
0
1
1
0
1
1
1
1
1
1
1
0
1
1
0
1
1
1
1
1
1
1
1
1
1
1
1
4792
0
0
0
0
0
0
0
0
1
0
0
0
1
1
0
0
0
1
0
0
0
1
0
0
1
1
0
1
1
1
1
1
1
1
0
1
1
0
1
1
1
1
1
1
1
1
1
1
1
1
4802
0
0
0
0
0
0
0
0
1
0
0
0
1
1
0
0
0
1
0
0
0
1
0
0
1
1
0
1
1
1
1
1
1
1
0
1
1
0
1
1
1
1
1
1
1
1
1
1
1
1
481
0
0
0
0
0
0
0
0
1
0
0
0
1
1
0
0
0
1
0
0
0
1
0
0
1
1
0
1
1
1
1
1
1
1
0
1
1
0
1
1
1
1
1
1
1
1
1
1
1
1
4822
0
0
0
0
0
0
0
0
1
0
0
0
1
1
0
0
0
1
0
0
0
1
0
0
1
1
0
1
1
1
1
1
1
1
0
1
1
0
1
1
1
1
1
1
1
1
1
1
1
1
488
0
0
0
0
0
0
0
0
1
0
0
0
1
1
0
0
0
1
0
0
0
1
0
0
1
1
0
1
1
1
1
1
1
1
0
1
1
0
1
1
1
1
1
1
1
1
1
1
1
1
4073
0
0
0
0
0
0
0
0
1
0
0
0
1
1
0
0
0
1
0
0
0
1
0
0
1
1
0
1
1
1
1
1
1
1
0
1
1
0
1
1
1
1
1
1
1
1
1
1
1
1
4106
0
0
0
0
0
0
0
0
1
0
0
0
1
1
0
0
0
1
0
0
0
1
0
0
1
1
0
1
1
1
1
1
1
1
0
1
1
0
1
1
1
1
1
1
1
1
1
1
1
1
412
0
0
0
0
0
0
0
0
1
0
0
0
1
1
0
0
0
1
0
0
0
1
0
0
1
1
0
1
1
1
1
1
1
1
0
1
1
0
1
1
1
1
1
1
1
1
1
1
1
1
418
0
0
0
0
0
0
0
0
1
0
0
0
1
1
0
0
0
1
0
0
0
1
0
0
1
1
0
1
1
1
1
1
1
1
0
1
1
0
1
1
1
1
1
1
1
1
1
1
1
1
4196
0
0
0
0
0
0
0
0
1
0
0
0
1
1
0
0
0
1
0
0
0
1
0
0
1
1
0
1
1
1
1
1
1
1
0
1
1
0
1
1
1
1
1
1
1
1
1
1
1
1
4223
0
0
0
0
0
0
0
0
1
0
0
0
1
1
0
0
0
1
0
0
0
1
0
0
1
1
0
1
1
1
1
1
1
1
0
1
1
0
1
1
1
1
1
1
1
1
1
1
1
1
4234
0
0
0
0
0
0
0
0
1
0
0
0
1
1
0
0
0
1
0
0
0
1
0
0
1
1
0
1
1
1
1
1
1
1
0
1
1
0
1
1
1
1
1
1
1
1
1
1
1
1
4292
0
0
0
0
0
0
0
0
1
0
0
0
1
1
0
0
0
1
0
0
0
1
0
0
1
1
0
1
1
1
1
1
1
1
0
1
1
0
1
1
1
1
1
1
1
1
1
1
1
1
4304
0
0
0
0
0
0
0
0
1
0
0
0
1
1
0
0
0
1
0
0
0
1
0
0
1
1
0
1
1
1
1
1
1
1
0
1
1
0
1
1
1
1
1
1
1
1
1
1
1
1
434
0
0
0
0
0
0
0
0
1
0
0
0
1
1
0
0
0
1
0
0
0
1
0
0
1
1
0
1
1
1
1
1
1
1
0
1
1
0
1
1
1
1
1
1
1
1
1
1
1
1
4373
0
0
0
0
0
0
0
0
1
0
0
0
1
1
0
0
0
1
0
0
0
1
0
0
1
1
0
1
1
1
1
1
1
1
0
1
1
0
1
1
1
1
1
1
1
1
1
1
1
1
4473
0
0
0
0
0
0
0
0
1
0
0
0
1
1
0
0
0
1
0
0
0
1
0
0
1
1
0
1
1
1
1
1
1
1
0
1
1
0
1
1
1
1
1
1
1
1
1
1
1
1
4493
0
0
0
0
0
0
0
0
1
0
0
0
1
1
0
0
0
1
0
0
0
1
0
0
1
1
0
1
1
1
1
1
1
1
0
1
1
0
1
1
1
1
1
1
1
1
1
1
1
1
4515
0
0
0
0
0
0
0
0
1
0
0
0
1
1
0
0
0
1
0
0
0
1
0
0
1
1
0
1
1
1
1
1
1
1
0
1
1
0
1
1
1
1
1
1
1
1
1
1
1
1
454
0
0
0
0
0
0
0
0
1
0
0
0
1
1
0
0
0
1
0
0
0
1
0
0
1
1
0
1
1
1
1
1
1
1
0
1
1
0
1
1
1
1
1
1
1
1
1
1
1
1
465
0
0
0
0
0
0
0
0
1
0
0
0
1
1
0
0
0
1
0
0
0
1
0
0
1
1
0
1
1
1
1
1
1
1
0
1
1
0
1
1
1
1
1
1
1
1
1
1
1
1
472
0
0
0
0
0
0
0
0
1
0
0
0
1
1
0
0
0
1
0
0
0
1
0
0
1
1
0
1
1
1
1
1
1
1
0
1
1
0
1
1
1
1
1
1
1
1
1
1
1
1
4863
0
0
0
0
0
0
0
0
1
0
0
0
1
1
0
0
0
1
0
0
0
1
0
0
1
1
0
1
1
1
1
1
1
1
0
1
1
0
1
1
1
1
1
1
1
1
1
1
1
1
4933
0
0
0
0
0
0
0
0
1
0
0
0
1
1
0
0
0
1
0
0
0
1
0
0
1
1
0
1
1
1
1
1
1
1
0
1
1
0
1
1
1
1
1
1
1
1
1
1
1
1
4032
0
0
0
0
0
0
0
0
1
0
0
0
1
1
0
0
0
1
0
0
0
1
0
0
1
1
0
1
1
1
1
1
1
1
0
1
1
0
1
1
1
1
1
1
1
1
1
1
1
1
4074
0
0
0
0
0
0
0
0
1
0
0
0
1
1
0
0
0
1
0
0
0
1
0
0
1
1
0
1
1
1
1
1
1
1
0
1
1
0
1
1
1
1
1
1
1
1
1
1
1
1
4092
0
0
0
0
0
0
0
0
1
0
0
0
1
1
0
0
0
1
0
0
0
1
0
0
1
1
0
1
1
1
1
1
1
1
0
1
1
0
1
1
1
1
1
1
1
1
1
1
1
1
4122
0
0
0
0
0
0
0
0
1
0
0
0
1
1
0
0
0
1
0
0
0
1
0
0
1
1
0
1
1
1
1
1
1
1
0
1
1
0
1
1
1
1
1
1
1
1
1
1
1
1
4132
0
0
0
0
0
0
0
0
1
0
0
0
1
1
0
0
0
1
0
0
0
1
0
0
1
1
0
1
1
1
1
1
1
1
0
1
1
0
1
1
1
1
1
1
1
1
1
1
1
1
414
0
0
0
0
0
0
0
0
1
0
0
0
1
1
0
0
0
1
0
0
0
1
0
0
1
1
0
1
1
1
1
1
1
1
0
1
1
0
1
1
1
1
1
1
1
1
1
1
1
1
4193
0
0
0
0
0
0
0
0
1
0
0
0
1
1
0
0
0
1
0
0
0
1
0
0
1
1
0
1
1
1
1
1
1
1
0
1
1
0
1
1
1
1
1
1
1
1
1
1
1
1
4203
0
0
0
0
0
0
0
0
1
0
0
0
1
1
0
0
0
1
0
0
0
1
0
0
1
1
0
1
1
1
1
1
1
1
0
1
1
0
1
1
1
1
1
1
1
1
1
1
1
1
4272
0
0
0
0
0
0
0
0
1
0
0
0
1
1
0
0
0
1
0
0
0
1
0
0
1
1
0
1
1
1
1
1
1
1
0
1
1
0
1
1
1
1
1
1
1
1
1
1
1
1
4314
0
0
0
0
0
0
0
0
1
0
0
0
1
1
0
0
0
1
0
0
0
1
0
0
1
1
0
1
1
1
1
1
1
1
0
1
1
0
1
1
1
1
1
1
1
1
1
1
1
1
4332
0
0
0
0
0
0
0
0
1
0
0
0
1
1
0
0
0
1
0
0
0
1
0
0
1
1
0
1
1
1
1
1
1
1
0
1
1
0
1
1
1
1
1
1
1
1
1
1
1
1
4374
0
0
0
0
0
0
0
0
1
0
0
0
1
1
0
0
0
1
0
0
0
1
0
0
1
1
0
1
1
1
1
1
1
1
0
1
1
0
1
1
1
1
1
1
1
1
1
1
1
1
4382
0
0
0
0
0
0
0
0
1
0
0
0
1
1
0
0
0
1
0
0
0
1
0
0
1
1
0
1
1
1
1
1
1
1
0
1
1
0
1
1
1
1
1
1
1
1
1
1
1
1
4413
0
0
0
0
0
0
0
0
1
0
0
0
1
1
0
0
0
1
0
0
0
1
0
0
1
1
0
1
1
1
1
1
1
1
0
1
1
0
1
1
1
1
1
1
1
1
1
1
1
1
442
0
0
0
0
0
0
0
0
1
0
0
0
1
1
0
0
0
1
0
0
0
1
0
0
1
1
0
1
1
1
1
1
1
1
0
1
1
0
1
1
1
1
1
1
1
1
1
1
1
1
4433
0
0
0
0
0
0
0
0
1
0
0
0
1
1
0
0
0
1
0
0
0
1
0
0
1
1
0
1
1
1
1
1
1
1
0
1
1
0
1
1
1
1
1
1
1
1
1
1
1
1
447
0
0
0
0
0
0
0
0
1
0
0
0
1
1
0
0
0
1
0
0
0
1
0
0
1
1
0
1
1
1
1
1
1
1
0
1
1
0
1
1
1
1
1
1
1
1
1
1
1
1
448
0
0
0
0
0
0
0
0
1
0
0
0
1
1
0
0
0
1
0
0
0
1
0
0
1
1
0
1
1
1
1
1
1
1
0
1
1
0
1
1
1
1
1
1
1
1
1
1
1
1
449
0
0
0
0
0
0
0
0
1
0
0
0
1
1
0
0
0
1
0
0
0
1
0
0
1
1
0
1
1
1
1
1
1
1
0
1
1
0
1
1
1
1
1
1
1
1
1
1
1
1
453
0
0
0
0
0
0
0
0
1
0
0
0
1
1
0
0
0
1
0
0
0
1
0
0
1
1
0
1
1
1
1
1
1
1
0
1
1
0
1
1
1
1
1
1
1
1
1
1
1
1
4543
0
0
0
0
0
0
0
0
1
0
0
0
1
1
0
0
0
1
0
0
0
1
0
0
1
1
0
1
1
1
1
1
1
1
0
1
1
0
1
1
1
1
1
1
1
1
1
1
1
1
4563
0
0
0
0
0
0
0
0
1
0
0
0
1
1
0
0
0
1
0
0
0
1
0
0
1
1
0
1
1
1
1
1
1
1
0
1
1
0
1
1
1
1
1
1
1
1
1
1
1
1
4586
0
0
0
0
0
0
0
0
1
0
0
0
1
1
0
0
0
1
0
0
0
1
0
0
1
1
0
1
1
1
1
1
1
1
0
1
1
0
1
1
1
1
1
1
1
1
1
1
1
1
4605
0
0
0
0
0
0
0
0
1
0
0
0
1
1
0
0
0
1
0
0
0
1
0
0
1
1
0
1
1
1
1
1
1
1
0
1
1
0
1
1
1
1
1
1
1
1
1
1
1
1
4612
0
0
0
0
0
0
0
0
1
0
0
0
1
1
0
0
0
1
0
0
0
1
0
0
1
1
0
1
1
1
1
1
1
1
0
1
1
0
1
1
1
1
1
1
1
1
1
1
1
1
4622
0
0
0
0
0
0
0
0
1
0
0
0
1
1
0
0
0
1
0
0
0
1
0
0
1
1
0
1
1
1
1
1
1
1
0
1
1
0
1
1
1
1
1
1
1
1
1
1
1
1
469
0
0
0
0
0
0
0
0
1
0
0
0
1
1
0
0
0
1
0
0
0
1
0
0
1
1
0
1
1
1
1
1
1
1
0
1
1
0
1
1
1
1
1
1
1
1
1
1
1
1
4702
0
0
0
0
0
0
0
0
1
0
0
0
1
1
0
0
0
1
0
0
0
1
0
0
1
1
0
1
1
1
1
1
1
1
0
1
1
0
1
1
1
1
1
1
1
1
1
1
1
1
4733
0
0
0
0
0
0
0
0
1
0
0
0
1
1
0
0
0
1
0
0
0
1
0
0
1
1
0
1
1
1
1
1
1
1
0
1
1
0
1
1
1
1
1
1
1
1
1
1
1
1
4773
0
0
0
0
0
0
0
0
1
0
0
0
1
1
0
0
0
1
0
0
0
1
0
0
1
1
0
1
1
1
1
1
1
1
0
1
1
0
1
1
1
1
1
1
1
1
1
1
1
1
4782
0
0
0
0
0
0
0
0
1
0
0
0
1
1
0
0
0
1
0
0
0
1
0
0
1
1
0
1
1
1
1
1
1
1
0
1
1
0
1
1
1
1
1
1
1
1
1
1
1
1
4832
0
0
0
0
0
0
0
0
1
0
0
0
1
1
0
0
0
1
0
0
0
1
0
0
1
1
0
1
1
1
1
1
1
1
0
1
1
0
1
1
1
1
1
1
1
1
1
1
1
1
4853
0
0
0
0
0
0
0
0
1
0
0
0
1
1
0
0
0
1
0
0
0
1
0
0
1
1
0
1
1
1
1
1
1
1
0
1
1
0
1
1
1
1
1
1
1
1
1
1
1
1
4872
0
0
0
0
0
0
0
0
1
0
0
0
1
1
0
0
0
1
0
0
0
1
0
0
1
1
0
1
1
1
1
1
1
1
0
1
1
0
1
1
1
1
1
1
1
1
1
1
1
1
4882
0
0
0
0
0
0
0
0
1
0
0
0
1
1
0
0
0
1
0
0
0
1
0
0
1
1
0
1
1
1
1
1
1
1
0
1
1
0
1
1
1
1
1
1
1
1
1
1
1
1
4922
0
0
0
0
0
0
0
0
1
0
0
0
1
1
0
0
0
1
0
0
0
1
0
0
1
1
0
1
1
1
1
1
1
1
0
1
1
0
1
1
1
1
1
1
1
1
1
1
1
1
4943
0
0
0
0
0
0
0
0
1
0
0
0
1
1
0
0
0
1
0
0
0
1
0
0
1
1
0
1
1
1
1
1
1
1
0
1
1
0
1
1
1
1
1
1
1
1
1
1
1
1
495
0
0
0
0
0
0
0
0
1
0
0
0
1
1
0
0
0
1
0
0
0
1
0
0
1
1
0
1
1
1
1
1
1
1
0
1
1
0
1
1
1
1
1
1
1
1
1
1
1
1
496
0
0
0
0
0
0
0
0
1
0
0
0
1
1
0
0
0
1
0
0
0
1
0
0
1
1
0
1
1
1
1
1
1
1
0
1
1
0
1
1
1
1
1
1
1
1
1
1
1
1
4995
0
0
0
0
0
0
0
0
1
0
0
0
1
1
0
0
0
1
0
0
0
1
0
0
1
1
0
1
1
1
1
1
1
1
0
1
1
0
1
1
1
1
1
1
1
1
1
1
1
1
5002
0
0
0
0
0
0
0
0
1
0
0
0
1
1
0
0
0
1
0
0
0
1
0
0
1
1
0
1
1
1
1
1
1
1
0
1
1
0
1
1
1
1
1
1
1
1
1
1
1
1
4033
0
0
0
0
0
0
0
0
1
0
0
0
1
1
0
0
0
1
0
0
0
1
0
0
1
1
0
1
1
1
1
1
1
1
0
1
1
0
1
1
1
1
1
1
1
1
1
1
1
1
4053
0
0
0
0
0
0
0
0
1
0
0
0
1
1
0
0
0
1
0
0
0
1
0
0
1
1
0
1
1
1
1
1
1
1
0
1
1
0
1
1
1
1
1
1
1
1
1
1
1
1
4062
0
0
0
0
0
0
0
0
1
0
0
0
1
1
0
0
0
1
0
0
0
1
0
0
1
1
0
1
1
1
1
1
1
1
0
1
1
0
1
1
1
1
1
1
1
1
1
1
1
1
4075
0
0
0
0
0
0
0
0
1
0
0
0
1
1
0
0
0
1
0
0
0
1
0
0
1
1
0
1
1
1
1
1
1
1
0
1
1
0
1
1
1
1
1
1
1
1
1
1
1
1
4084
0
0
0
0
0
0
0
0
1
0
0
0
1
1
0
0
0
1
0
0
0
1
0
0
1
1
0
1
1
1
1
1
1
1
0
1
1
0
1
1
1
1
1
1
1
1
1
1
1
1
4112
0
0
0
0
0
0
0
0
1
0
0
0
1
1
0
0
0
1
0
0
0
1
0
0
1
1
0
1
1
1
1
1
1
1
0
1
1
0
1
1
1
1
1
1
1
1
1
1
1
1
4142
0
0
0
0
0
0
0
0
1
0
0
0
1
1
0
0
0
1
0
0
0
1
0
0
1
1
0
1
1
1
1
1
1
1
0
1
1
0
1
1
1
1
1
1
1
1
1
1
1
1
4162
0
0
0
0
0
0
0
0
1
0
0
0
1
1
0
0
0
1
0
0
0
1
0
0
1
1
0
1
1
1
1
1
1
1
0
1
1
0
1
1
1
1
1
1
1
1
1
1
1
1
417
0
0
0
0
0
0
0
0
1
0
0
0
1
1
0
0
0
1
0
0
0
1
0
0
1
1
0
1
1
1
1
1
1
1
0
1
1
0
1
1
1
1
1
1
1
1
1
1
1
1
4197
0
0
0
0
0
0
0
0
1
0
0
0
1
1
0
0
0
1
0
0
0
1
0
0
1
1
0
1
1
1
1
1
1
1
0
1
1
0
1
1
1
1
1
1
1
1
1
1
1
1
4212
0
0
0
0
0
0
0
0
1
0
0
0
1
1
0
0
0
1
0
0
0
1
0
0
1
1
0
1
1
1
1
1
1
1
0
1
1
0
1
1
1
1
1
1
1
1
1
1
1
1
422
0
0
0
0
0
0
0
0
1
0
0
0
1
1
0
0
0
1
0
0
0
1
0
0
1
1
0
1
1
1
1
1
1
1
0
1
1
0
1
1
1
1
1
1
1
1
1
1
1
1
4252
0
0
0
0
0
0
0
0
1
0
0
0
1
1
0
0
0
1
0
0
0
1
0
0
1
1
0
1
1
1
1
1
1
1
0
1
1
0
1
1
1
1
1
1
1
1
1
1
1
1
426
0
0
0
0
0
0
0
0
1
0
0
0
1
1
0
0
0
1
0
0
0
1
0
0
1
1
0
1
1
1
1
1
1
1
0
1
1
0
1
1
1
1
1
1
1
1
1
1
1
1
427
0
0
0
0
0
0
0
0
1
0
0
0
1
1
0
0
0
1
0
0
0
1
0
0
1
1
0
1
1
1
1
1
1
1
0
1
1
0
1
1
1
1
1
1
1
1
1
1
1
1
4282
0
0
0
0
0
0
0
0
1
0
0
0
1
1
0
0
0
1
0
0
0
1
0
0
1
1
0
1
1
1
1
1
1
1
0
1
1
0
1
1
1
1
1
1
1
1
1
1
1
1
4333
0
0
0
0
0
0
0
0
1
0
0
0
1
1
0
0
0
1
0
0
0
1
0
0
1
1
0
1
1
1
1
1
1
1
0
1
1
0
1
1
1
1
1
1
1
1
1
1
1
1
435
0
0
0
0
0
0
0
0
1
0
0
0
1
1
0
0
0
1
0
0
0
1
0
0
1
1
0
1
1
1
1
1
1
1
0
1
1
0
1
1
1
1
1
1
1
1
1
1
1
1
4362
0
0
0
0
0
0
0
0
1
0
0
0
1
1
0
0
0
1
0
0
0
1
0
0
1
1
0
1
1
1
1
1
1
1
0
1
1
0
1
1
1
1
1
1
1
1
1
1
1
1
4375
0
0
0
0
0
0
0
0
1
0
0
0
1
1
0
0
0
1
0
0
0
1
0
0
1
1
0
1
1
1
1
1
1
1
0
1
1
0
1
1
1
1
1
1
1
1
1
1
1
1
4383
0
0
0
0
0
0
0
0
1
0
0
0
1
1
0
0
0
1
0
0
0
1
0
0
1
1
0
1
1
1
1
1
1
1
0
1
1
0
1
1
1
1
1
1
1
1
1
1
1
1
444
0
0
0
0
0
0
0
0
1
0
0
0
1
1
0
0
0
1
0
0
0
1
0
0
1
1
0
1
1
1
1
1
1
1
0
1
1
0
1
1
1
1
1
1
1
1
1
1
1
1
4452
0
0
0
0
0
0
0
0
1
0
0
0
1
1
0
0
0
1
0
0
0
1
0
0
1
1
0
1
1
1
1
1
1
1
0
1
1
0
1
1
1
1
1
1
1
1
1
1
1
1
4474
0
0
0
0
0
0
0
0
1
0
0
0
1
1
0
0
0
1
0
0
0
1
0
0
1
1
0
1
1
1
1
1
1
1
0
1
1
0
1
1
1
1
1
1
1
1
1
1
1
1
4494
0
0
0
0
0
0
0
0
1
0
0
0
1
1
0
0
0
1
0
0
0
1
0
0
1
1
0
1
1
1
1
1
1
1
0
1
1
0
1
1
1
1
1
1
1
1
1
1
1
1
4502
0
0
0
0
0
0
0
0
1
0
0
0
1
1
0
0
0
1
0
0
0
1
0
0
1
1
0
1
1
1
1
1
1
1
0
1
1
0
1
1
1
1
1
1
1
1
1
1
1
1
4522
0
0
0
0
0
0
0
0
1
0
0
0
1
1
0
0
0
1
0
0
0
1
0
0
1
1
0
1
1
1
1
1
1
1
0
1
1
0
1
1
1
1
1
1
1
1
1
1
1
1
4534
0
0
0
0
0
0
0
0
1
0
0
0
1
1
0
0
0
1
0
0
0
1
0
0
1
1
0
1
1
1
1
1
1
1
0
1
1
0
1
1
1
1
1
1
1
1
1
1
1
1
4544
0
0
0
0
0
0
0
0
1
0
0
0
1
1
0
0
0
1
0
0
0
1
0
0
1
1
0
1
1
1
1
1
1
1
0
1
1
0
1
1
1
1
1
1
1
1
1
1
1
1
457
0
0
0
0
0
0
0
0
1
0
0
0
1
1
0
0
0
1
0
0
0
1
0
0
1
1
0
1
1
1
1
1
1
1
0
1
1
0
1
1
1
1
1
1
1
1
1
1
1
1
4587
0
0
0
0
0
0
0
0
1
0
0
0
1
1
0
0
0
1
0
0
0
1
0
0
1
1
0
1
1
1
1
1
1
1
0
1
1
0
1
1
1
1
1
1
1
1
1
1
1
1
459
0
0
0
0
0
0
0
0
1
0
0
0
1
1
0
0
0
1
0
0
0
1
0
0
1
1
0
1
1
1
1
1
1
1
0
1
1
0
1
1
1
1
1
1
1
1
1
1
1
1
460
0
0
0
0
0
0
0
0
1
0
0
0
1
1
0
0
0
1
0
0
0
1
0
0
1
1
0
1
1
1
1
1
1
1
0
1
1
0
1
1
1
1
1
1
1
1
1
1
1
1
461
0
0
0
0
0
0
0
0
1
0
0
0
1
1
0
0
0
1
0
0
0
1
0
0
1
1
0
1
1
1
1
1
1
1
0
1
1
0
1
1
1
1
1
1
1
1
1
1
1
1
4623
0
0
0
0
0
0
0
0
1
0
0
0
1
1
0
0
0
1
0
0
0
1
0
0
1
1
0
1
1
1
1
1
1
1
0
1
1
0
1
1
1
1
1
1
1
1
1
1
1
1
4642
0
0
0
0
0
0
0
0
1
0
0
0
1
1
0
0
0
1
0
0
0
1
0
0
1
1
0
1
1
1
1
1
1
1
0
1
1
0
1
1
1
1
1
1
1
1
1
1
1
1
4652
0
0
0
0
0
0
0
0
1
0
0
0
1
1
0
0
0
1
0
0
0
1
0
0
1
1
0
1
1
1
1
1
1
1
0
1
1
0
1
1
1
1
1
1
1
1
1
1
1
1
4662
0
0
0
0
0
0
0
0
1
0
0
0
1
1
0
0
0
1
0
0
0
1
0
0
1
1
0
1
1
1
1
1
1
1
0
1
1
0
1
1
1
1
1
1
1
1
1
1
1
1
4682
0
0
0
0
0
0
0
0
1
0
0
0
1
1
0
0
0
1
0
0
0
1
0
0
1
1
0
1
1
1
1
1
1
1
0
1
1
0
1
1
1
1
1
1
1
1
1
1
1
1
4692
0
0
0
0
0
0
0
0
1
0
0
0
1
1
0
0
0
1
0
0
0
1
0
0
1
1
0
1
1
1
1
1
1
1
0
1
1
0
1
1
1
1
1
1
1
1
1
1
1
1
4703
0
0
0
0
0
0
0
0
1
0
0
0
1
1
0
0
0
1
0
0
0
1
0
0
1
1
0
1
1
1
1
1
1
1
0
1
1
0
1
1
1
1
1
1
1
1
1
1
1
1
471
0
0
0
0
0
0
0
0
1
0
0
0
1
1
0
0
0
1
0
0
0
1
0
0
1
1
0
1
1
1
1
1
1
1
0
1
1
0
1
1
1
1
1
1
1
1
1
1
1
1
4723
0
0
0
0
0
0
0
0
1
0
0
0
1
1
0
0
0
1
0
0
0
1
0
0
1
1
0
1
1
1
1
1
1
1
0
1
1
0
1
1
1
1
1
1
1
1
1
1
1
1
4734
0
0
0
0
0
0
0
0
1
0
0
0
1
1
0
0
0
1
0
0
0
1
0
0
1
1
0
1
1
1
1
1
1
1
0
1
1
0
1
1
1
1
1
1
1
1
1
1
1
1
474
0
0
0
0
0
0
0
0
1
0
0
0
1
1
0
0
0
1
0
0
0
1
0
0
1
1
0
1
1
1
1
1
1
1
0
1
1
0
1
1
1
1
1
1
1
1
1
1
1
1
4752
0
0
0
0
0
0
0
0
1
0
0
0
1
1
0
0
0
1
0
0
0
1
0
0
1
1
0
1
1
1
1
1
1
1
0
1
1
0
1
1
1
1
1
1
1
1
1
1
1
1
476
0
0
0
0
0
0
0
0
1
0
0
0
1
1
0
0
0
1
0
0
0
1
0
0
1
1
0
1
1
1
1
1
1
1
0
1
1
0
1
1
1
1
1
1
1
1
1
1
1
1
4812
0
0
0
0
0
0
0
0
1
0
0
0
1
1
0
0
0
1
0
0
0
1
0
0
1
1
0
1
1
1
1
1
1
1
0
1
1
0
1
1
1
1
1
1
1
1
1
1
1
1
482
0
0
0
0
0
0
0
0
1
0
0
0
1
1
0
0
0
1
0
0
0
1
0
0
1
1
0
1
1
1
1
1
1
1
0
1
1
0
1
1
1
1
1
1
1
1
1
1
1
1
489
0
0
0
0
0
0
0
0
1
0
0
0
1
1
0
0
0
1
0
0
0
1
0
0
1
1
0
1
1
1
1
1
1
1
0
1
1
0
1
1
1
1
1
1
1
1
1
1
1
1
490
0
0
0
0
0
0
0
0
1
0
0
0
1
1
0
0
0
1
0
0
0
1
0
0
1
1
0
1
1
1
1
1
1
1
0
1
1
0
1
1
1
1
1
1
1
1
1
1
1
1
4944
0
0
0
0
0
0
0
0
1
0
0
0
1
1
0
0
0
1
0
0
0
1
0
0
1
1
0
1
1
1
1
1
1
1
0
1
1
0
1
1
1
1
1
1
1
1
1
1
1
1
4952
0
0
0
0
0
0
0
0
1
0
0
0
1
1
0
0
0
1
0
0
0
1
0
0
1
1
0
1
1
1
1
1
1
1
0
1
1
0
1
1
1
1
1
1
1
1
1
1
1
1
4962
0
0
0
0
0
0
0
0
1
0
0
0
1
1
0
0
0
1
0
0
0
1
0
0
1
1
0
1
1
1
1
1
1
1
0
1
1
0
1
1
1
1
1
1
1
1
1
1
1
1
498
0
0
0
0
0
0
0
0
1
0
0
0
1
1
0
0
0
1
0
0
0
1
0
0
1
1
0
1
1
1
1
1
1
1
0
1
1
0
1
1
1
1
1
1
1
1
1
1
1
1
499
0
0
0
0
0
0
0
0
1
0
0
0
1
1
0
0
0
1
0
0
0
1
0
0
1
1
0
1
1
1
1
1
1
1
0
1
1
0
1
1
1
1
1
1
1
1
1
1
1
1
500
0
0
0
0
0
0
0
0
1
0
0
0
1
1
0
0
0
1
0
0
0
1
0
0
1
1
0
1
1
1
1
1
1
1
0
1
1
0
1
1
1
1
1
1
1
1
1
1
1
1
401
0
0
0
0
0
0
0
0
1
0
0
0
1
1
0
0
0
1
0
0
0
1
0
0
1
1
0
1
1
1
1
1
1
1
0
1
1
0
1
1
1
1
1
1
1
1
1
1
1
1
4022
0
0
0
0
0
0
0
0
1
0
0
0
1
1
0
0
0
1
0
0
0
1
0
0
1
1
0
1
1
1
1
1
1
1
0
1
1
0
1
1
1
1
1
1
1
1
1
1
1
1
403
0
0
0
0
0
0
0
0
1
0
0
0
1
1
0
0
0
1
0
0
0
1
0
0
1
1
0
1
1
1
1
1
1
1
0
1
1
0
1
1
1
1
1
1
1
1
1
1
1
1
4052
0
0
0
0
0
0
0
0
1
0
0
0
1
1
0
0
0
1
0
0
0
1
0
0
1
1
0
1
1
1
1
1
1
1
0
1
1
0
1
1
1
1
1
1
1
1
1
1
1
1
4063
0
0
0
0
0
0
0
0
1
0
0
0
1
1
0
0
0
1
0
0
0
1
0
0
1
1
0
1
1
1
1
1
1
1
0
1
1
0
1
1
1
1
1
1
1
1
1
1
1
1
4072
0
0
0
0
0
0
0
0
1
0
0
0
1
1
0
0
0
1
0
0
0
1
0
0
1
1
0
1
1
1
1
1
1
1
0
1
1
0
1
1
1
1
1
1
1
1
1
1
1
1
4083
0
0
0
0
0
0
0
0
1
0
0
0
1
1
0
0
0
1
0
0
0
1
0
0
1
1
0
1
1
1
1
1
1
1
0
1
1
0
1
1
1
1
1
1
1
1
1
1
1
1
409
0
0
0
0
0
0
0
0
1
0
0
0
1
1
0
0
0
1
0
0
0
1
0
0
1
1
0
1
1
1
1
1
1
1
0
1
1
0
1
1
1
1
1
1
1
1
1
1
1
1
