Porcentaje	Rep	Partículas	
34.6348015376777	1	 	  
34.8058094751984	2	 	  
34.9976798143852	3	 	  
34.8945049849293	4	 	  
35.1616788659316	5	 	  
34.9179031582864	6	 	  
34.8281642917016	7	 	  
34.8784229857269	8	 	  
34.6757710888146	9	 	  
34.9742495244282	10	 	  
35.0377472094854	1	 	  
35.1147876196673	2	 	  
35.2974003627401	3	 	  
34.8136804492088	4	 	  
35.1751333797263	5	 	  
35.0338558575271	6	 	  
35.205574912892	7	 	  
35.1411589895988	8	 	  
35.2017833093391	9	 	  
35.026017468872	10	 	  
35.4311268458564	1	 	  
35.2636207934083	2	 	  
35.0878820201271	3	 	  
35.3295913160458	4	 	  
34.9320469409527	5	 	  
35.293570298688	6	 	  
35.1922362555721	7	 	  
35.1710410591122	8	 	  
35.3792623521225	9	 	  
35.10160625839	10	 	  
35.3278726456569	1	    	  
34.984032952284	2	    	  
35.0952844623731	3	    	  
35.2274837511606	4	    	  
35.3557459489663	5	    	  
35.1701183431953	6	    	  
35.2609439282578	7	    	  
35.2949360044519	8	    	  
35.1490426962125	9	    	  
35.3979013836011	10	    	  
34.8307942057942	1	 	   
34.8215679540416	2	 	   
34.8002243969332	3	 	   
34.5885068946153	4	 	   
34.6356357291959	5	 	   
34.8233754906236	6	 	   
34.8606445190992	7	 	   
34.9426505423264	8	 	   
34.5871216838959	9	 	   
34.5705130199421	10	 	   
35.0120496817648	1	 	   
35.1618482826785	2	 	   
35.0537435137139	3	 	   
34.9554383692602	4	 	   
35.1987899740709	5	 	   
35.0845205352452	6	 	   
35.1981712026196	7	 	   
35.0986211587213	8	 	   
34.8590463265684	9	 	   
34.9309153713299	10	 	   
35.2915632754342	1	 	   
35.1365578745278	2	 	   
35.182088442958	3	 	   
35.2472978413701	4	 	   
35.3609811998637	5	 	   
35.2288531075192	6	 	   
35.0999938084329	7	 	   
35.1262790194442	8	 	   
35.1881194270979	9	 	   
35.3666852643977	10	 	   
35.0592446309553	1	    	   
35.1370627635822	2	    	   
35.0354346547829	3	    	   
35.2594193946881	4	    	   
35.3335609846956	5	    	   
35.1751310768467	6	    	   
35.1231740529834	7	    	   
35.3726121551751	8	    	   
35.1805516943132	9	    	   
35.2321655360406	10	    	   
34.2723703552091	1	 	     
34.2440564635958	2	 	     
34.2268002831278	3	 	     
34.2482856290996	4	 	     
34.1872232764073	5	 	     
34.3660451788173	6	 	     
34.1100985679747	7	 	     
