77
#4C4C4C
255
76
76
76
0.09
78
#4D4D4D
229
77
77
77
0.08
79
#4E4E4E
244
78
78
78
0.08
80
#4F4F4F
241
79
79
79
0.08
81
#505050
222
80
80
80
0.08
82
#515151
258
81
81
81
0.09
83
#525252
271
82
82
82
0.09
84
#535353
273
83
83
83
0.09
85
#545454
239
84
84
84
0.08
86
#555555
274
85
85
85
0.10
87
#565656
322
86
86
86
0.11
88
#575757
297
87
87
87
0.10
89
#585858
277
88
88
88
0.10
90
#595959
267
89
89
89
0.09
91
#5A5A5A
279
90
90
90
0.10
92
#5B5B5B
310
91
91
91
0.11
93
#5C5C5C
275
92
92
92
0.10
94
#5D5D5D
283
93
93
93
0.10
95
#5E5E5E
266
94
94
94
0.09
96
#5F5F5F
297
95
95
95
0.10
97
#606060
286
96
96
96
0.10
98
#616161
299
97
97
97
0.10
99
#626262
303
98
98
98
0.11
100
#636363
340
99
99
99
0.12
101
#646464
277
100
100
100
0.10
102
#656565
318
101
101
101
0.11
103
#666666
296
102
102
102
0.10
104
#676767
304
103
103
103
0.11
105
#686868
340
104
104
104
0.12
106
#696969
315
105
105
105
0.11
107
#6A6A6A
329
106
106
106
0.11
108
#6B6B6B
322
107
107
107
0.11
109
#6C6C6C
332
108
108
108
0.12
110
#6D6D6D
301
109
109
109
0.10
111
#6E6E6E
352
110
110
110
0.12
112
#6F6F6F
319
111
111
111
0.11
113
#707070
353
112
112
112
0.12
114
#717171
334
113
113
113
0.12
115
#727272
342
114
114
114
0.12
116
#737373
360
115
115
115
0.12
117
#747474
371
116
116
116
0.13
118
#757575
333
117
117
117
0.12
119
#767676
347
118
118
118
0.12
120
#777777
357
119
119
119
0.12
121
#787878
375
120
120
120
0.13
122
#797979
369
121
121
121
0.13
123
#7A7A7A
372
122
122
122
0.13
124
#7B7B7B
377
123
123
123
0.13
125
#7C7C7C
368
124
124
124
0.13
126
#7D7D7D
382
125
125
125
0.13
127
#7E7E7E
411
126
126
126
0.14
128
#7F7F7F
370
127
127
127
0.13
129
#808080
347
128
128
128
0.12
130
#818181
390
129
129
129
0.14
131
#828282
417
130
130
130
0.14
132
#838383
415
131
131
131
0.14
133
#848484
359
132
132
132
0.12
134
#858585
383
133
133
133
0.13
135
#868686
369
134
134
134
0.13
136
#878787
396
135
135
135
0.14
137
#888888
404
136
136
136
0.14
138
#898989
407
137
137
137
0.14
139
#8A8A8A
431
138
138
138
0.15
140
#8B8B8B
373
139
139
139
0.13
141
#8C8C8C
422
140
140
140
0.15
142
#8D8D8D
410
141
141
141
0.14
143
#8E8E8E
411
142
142
142
0.14
144
#8F8F8F
354
143
143
143
0.12
145
#909090
398
144
144
144
0.14
146
#919191
401
145
145
145
0.14
147
#929292
394
146
146
146
0.14
148
#939393
401
147
147
147
0.14
149
#949494
391
148
148
148
0.14
150
#959595
424
149
149
149
0.15
151
#969696
398
150
150
150
0.14
152
#979797
426
151
151
151
0.15
153
#989898
423
152
152
152
0.15
154
#999999
426
153
153
153
0.15
155
#9A9A9A
397
154
154
154
0.14
156
#9B9B9B
416
155
155
155
0.14
157
#9C9C9C
420
156
156
156
0.15
158
#9D9D9D
399
157
157
157
0.14
159
#9E9E9E
415
158
158
158
0.14
160
#9F9F9F
391
159
159
159
0.14
161
#A0A0A0
413
160
160
160
0.14
162
#A1A1A1
418
161
161
161
0.15
163
#A2A2A2
445
162
162
162
0.15
164
#A3A3A3
405
163
163
163
0.14
165
#A4A4A4
417
164
164
164
0.14
166
#A5A5A5
431
165
165
165
0.15
167
#A6A6A6
395
166
166
166
0.14
168
#A7A7A7
397
167
167
167
0.14
169
#A8A8A8
478
168
168
168
0.17
170
#A9A9A9
421
169
169
169
0.15
171
#AAAAAA
437
170
170
170
0.15
172
#ABABAB
454
171
171
171
0.16
173
#ACACAC
434
172
172
172
0.15
174
#ADADAD
445
173
173
173
0.15
175
#AEAEAE
412
174
174
174
0.14
176
#AFAFAF
467
175
175
175
0.16
177
#B0B0B0
424
176
176
176
0.15
178
#B1B1B1
447
177
177
177
0.16
179
#B2B2B2
444
178
178
178
0.15
180
#B3B3B3
422
179
179
179
0.15
181
#B4B4B4
395
180
180
180
0.14
182
#B5B5B5
482
181
181
181
0.17
183
#B6B6B6
467
182
182
182
0.16
184
#B7B7B7
436
183
183
183
0.15
185
#B8B8B8
432
184
184
184
0.15
186
#B9B9B9
419
185
185
185
0.15
187
#BABABA
423
186
186
186
0.15
188
#BBBBBB
431
187
187
187
0.15
189
#BCBCBC
423
188
188
188
0.15
190
#BDBDBD
475
189
189
189
0.16
191
#BEBEBE
494
190
190
190
0.17
192
#BFBFBF
491
191
191
191
0.17
193
#C0C0C0
444
192
192
192
0.15
194
#C1C1C1
464
193
193
193
0.16
195
#C2C2C2
490
194
194
194
0.17
196
#C3C3C3
497
195
195
195
0.17
197
#C4C4C4
490
196
196
196
0.17
198
#C5C5C5
485
197
197
197
0.17
199
#C6C6C6
498
198
198
198
0.17
200
#C7C7C7
535
199
199
199
0.19
201
#C8C8C8
507
200
200
200
0.18
202
#C9C9C9
565
201
201
201
0.20
203
#CACACA
523
202
202
202
0.18
204
#CBCBCB
540
203
203
203
0.19
205
#CCCCCC
481
204
204
204
0.17
206
#CDCDCD
558
205
205
205
0.19
207
#CECECE
539
206
206
206
0.19
208
#CFCFCF
545
207
207
207
0.19
209
#D0D0D0
597
208
208
208
0.21
210
#D1D1D1
540
209
209
209
0.19
211
#D2D2D2
606
210
210
210
0.21
212
#D3D3D3
564
211
211
211
0.20
213
#D4D4D4
562
212
212
212
0.20
214
#D5D5D5
628
213
213
213
0.22
215
#D6D6D6
585
214
214
214
0.20
216
#D7D7D7
613
215
215
215
0.21
217
#D8D8D8
600
216
216
216
0.21
218
#D9D9D9
624
217
217
217
0.22
219
#DADADA
615
218
218
218
0.21
220
#DBDBDB
664
219
219
219
0.23
221
#DCDCDC
664
220
220
220
0.23
222
#DDDDDD
662
221
221
221
0.23
223
#DEDEDE
692
222
222
222
0.24
224
#DFDFDF
736
223
223
223
0.26
225
#E0E0E0
735
224
224
224
0.26
226
#E1E1E1
714
225
225
225
0.25
227
#E2E2E2
666
226
226
226
0.23
228
#E3E3E3
764
227
227
227
0.27
229
#E4E4E4
762
228
228
228
0.26
230
#E5E5E5
763
229
229
229
0.26
231
#E6E6E6
772
230
230
230
0.27
232
#E7E7E7
778
231
231
231
0.27
233
#E8E8E8
798
232
232
232
0.28
234
#E9E9E9
806
233
233
233
0.28
235
#EAEAEA
833
234
234
234
0.29
236
#EBEBEB
838
235
235
235
0.29
237
#ECECEC
887
236
236
236
0.31
238
#EDEDED
940
237
237
237
0.33
239
#EEEEEE
961
238
238
238
0.33
240
#EFEFEF
938
239
239
239
0.33
241
#F0F0F0
1026
240
240
240
0.36
242
#F1F1F1
1080
241
241
241
0.38
243
#F2F2F2
1161
242
242
242
0.40
244
#F3F3F3
1210
243
243
243
0.42
245
#F4F4F4
1294
244
244
244
0.45
246
#F5F5F5
1385
245
245
245
0.48
247
#F6F6F6
1540
246
246
246
0.53
248
#F7F7F7
1751
247
247
247
0.61
249
#F8F8F8
1901
248
248
248
0.66
250
#F9F9F9
2131
249
249
249
0.74
251
#FAFAFA
2671
250
250
250
0.93
252
#FBFBFB
3475
251
251
251
1.21
253
#FCFCFC
6381
252
252
252
2.22
254
#FDFDFD
31044
253
253
253
10.78
255
#FEFEFE
110436
254
254
254
38.35
256
#FFFFFF
36012
255
255
255
12.50
