    pos dom
1     0  46
2     0 116
3     0  86
4     0 106
5     0 162
6     0   8
7     0 156
8     0  16
9     0   0
10    0   0
11    0   0
12    0  10
13    0  74
14    0   4
15    0   0
16    0   6
17    0 120
18    0  50
19    0  74
20    0 112
21    0  18
22    0  26
23    0  74
24    0  38
25    0 112
26    0  56
27    0   8
28    0   8
29    0 114
30    0  24
31    0  36
32    0   6
33    0   0
34    0  22
35    0  54
36    0  16
37    0  48
38    0  32
39    0 108
40    0   4
41    0  76
42    0   2
43    0  12
44    0  62
45    0  18
46    0  80
47    0   0
48    0   2
49    0  60
50    0  36
51    0  30
52    0  42
53    0  40
54    0  20
55    0  30
56    0  76
57    0  28
58    0 130
59    0  62
60    0  10
61    0  60
62    0 132
63    0  96
64    0  20
65    0  76
66    0 160
67    0  22
68    0  40
69    0  68
70    0  38
71    0   8
72    0  60
73    0 102
74    0  34
75    0 150
76    0   2
77    0  86
78    0 120
79    0  98
80    0 108
81    0  14
82    0  22
83    0  76
84    0 140
85    0  20
86    0  26
87    0  14
88    0  74
89    0  90
90    0 164
91    0 134
92    0  10
93    0  46
94    0   2
95    0  30
96    0  66
97    0 110
98    0 116
99    0  38
100   0   4
101   0  46
102   0 116
103   0  86
104   0 106
105   0 162
106   0   8
107   0 156
108   0  16
109   0   0
110   0   0
111   0   0
112   0  10
113   0  74
114   0   4
115   0   0
116   0   6
117   0 120
118   0  50
119   0  74
120   0 112
121   0  18
122   0  26
123   0  74
124   0  38
125   0 112
126   0  56
127   0   8
128   0   8
129   0 114
130   0  24
131   0  36
132   0   6
133   0   0
134   0  22
135   0  54
136   0  16
137   0  48
138   0  32
139   0 108
140   0   4
141   0  76
142   0   2
143   0  12
144   0  62
145   0  18
146   0  80
147   0   0
148   0   2
149   0  60
150   0  36
151   0  30
152   0  42
153   0  40
154   0  20
155   0  30
156   0  76
157   0  28
158   0 130
159   0  62
160   0  10
161   0  60
162   0 132
163   0  96
164   0  20
165   0  76
166   0 160
167   0  22
168   0  40
169   0  68
170   0  38
171   0   8
172   0  60
173   0 102
174   0  34
175   0 150
176   0   2
177   0  86
178   0 120
179   0  98
180   0 108
181   0  14
182   0  22
183   0  76
184   0 140
185   0  20
186   0  26
187   0  14
188   0  74
189   0  90
190   0 164
191   0 134
192   0  10
193   0  46
194   0   2
195   0  30
196   0  66
197   0 110
198   0 116
199   0  38
200   0   4
