Velocidad
Masa
Carga
1
0.010827031
0.96424564
0.0256439565
2
0.002911515
0.97248025
0.2024143972
3
0.007675243
0.27493908
0.5984628785
4
0.009732126
0.56850669
-0.0490581588
5
0.002602379
0.70531800
0.3309147633
6
0.008923405
0.94838491
-0.0129889480
7
0.007239844
0.42236560
0.0850933406
8
0.007760471
0.44862123
-0.0042046022
9
0.012404884
0.27816369
0.0008778652
10
0.007491996
0.66292059
0.4142732808
11
0.011418541
0.41364882
-0.1730370507
12
0.006540505
0.67260086
0.3628269465
13
0.011997381
0.15661714
0.0055663618
14
0.006975766
0.98225358
0.4149522651
15
0.005326635
0.13714199
0.8912474604
16
0.016584648
0.53065488
-0.4219677084
17
0.011093232
0.03002760
0.0311668921
18
0.003670146
0.75078525
0.3217428912
19
0.007690473
0.27142037
0.6580790978
20
0.017748198
0.67986693
-1.0000000000
21
0.007893252
0.20593746
0.5781817249
22
0.008248307
0.85965525
0.3945184682
23
0.010734255
0.66442657
0.5845207704
24
0.008954411
0.11132414
0.0768168720
25
0.009337853
0.27930821
-0.2060013597
26
0.011558797
0.65025781
-0.1526207525
27
0.006932529
0.11675329
0.4076446180
28
0.008183887
0.95887334
0.0774908720
29
0.002597447
0.37242686
0.3068709678
30
0.012463656
0.23748255
0.0051450444
31
0.010965320
0.80251807
-0.1456918294
32
0.009434471
0.88335841
0.0530260754
33
0.006943609
0.09937909
0.4572991792
34
0.001919914
0.02572897
0.2948558382
35
0.007349209
0.81932006
-0.0538747898
36
0.011721526
0.31183297
0.0043952211
37
0.009007446
0.82488935
0.7851187409
38
0.002013207
0.97706717
0.9375008312
39
0.007649075
0.23927767
1.0000000000
40
0.003098693
0.84579928
0.1769634312
41
0.013565750
0.84098847
-0.3334686629
42
0.003856197
0.11062635
0.3059324493
43
0.007368376
0.09123077
0.4395146608
44
0.009997331
0.72953861
0.5152449944
45
0.010680162
0.93957283
-0.1690276416
46
0.001264095
0.46386966
0.2366232152
47
0.007644654
0.47390366
0.6618078346
48
0.005711587
0.05936638
0.4109351260
49
0.008243664
0.95639171
0.4229808171
50
0.004618550
0.53570912
0.1621456572
Showing 1 to 30 of 50 entries, 3 total columns
