V1
V2
V3
V4
V5
V6
V7
V8
V9
V10
V11
V12
V13
V14
V15
V16
V17
V18
V19
V20
V21
V22
V23
V24
V25
V26
V27
V28
V29
V30
V31
V32
V33
V34
V35
V36
V37
V38
V39
V40
V41
V42
V43
V44
V45
V46
V47
V48
V49
V50
1
0.0053785449
0.0055262926
0.0057174506
0.0059789451
0.0063571423
0.0068319938
0.0072575119
0.0076218953
0.0079623216
0.0083021426
0.0086559471
0.0090349602
0.0094521973
0.0099189106
0.0104506764
0.0110689397
0.0118028052
0.0126927404
0.0137976420
0.015200260
0.016503645
0.016213153
0.0159623712
0.0157383726
0.0155298979
0.0153343234
0.015140641
0.0149584442
0.014744099
0.014417726
0.014402156
0.013854166
0.013789076
0.012959276
0.011813562
0.012057029
0.010819913
0.010766243
0.011268215
0.0102078597
0.012657694
0.0096939002
0.014555122
0.0095492625
0.014000011
0.0091022831
0.015095675
0.0074544767
0.014362075
0.0133746153
2
0.0021949961
0.0022092392
0.0022374551
0.0022895583
0.0023812852
0.0025021755
0.0025978092
0.0026668364
0.0027247312
0.0027805791
0.0028397723
0.0029060579
0.0029843961
0.0030776308
0.0031899142
0.0033272037
0.0034975271
0.0037119391
0.0039863607
0.004341860
0.004663626
0.004536150
0.0044278460
0.0043340283
0.0042471896
0.0041672704
0.004088485
0.0040204152
0.003953290
0.003865560
0.003849093
0.003707410
0.003674024
0.003458683
0.003139236
0.003206717
0.002867118
0.002851967
0.002977392
0.0026934817
0.003334065
0.0025473555
0.003819992
0.0024981435
0.003658551
0.0023714164
0.003928612
0.0019326036
0.003720716
0.0034577202
3
0.0012079479
0.0011506704
0.0011128666
0.0011022156
0.0011302450
0.0011982576
0.0012876569
0.0013997264
0.0015391131
0.0017086953
0.0019101936
0.0021450466
0.0024136658
0.0027224681
0.0030793750
0.0034953378
0.0039865245
0.0045771967
0.0053035076
0.006218091
0.007171867
0.007449357
0.0076749919
0.0078628912
0.0080148959
0.0081395987
0.008223064
0.0082991998
0.008260183
0.008643757
0.008352040
0.008704151
0.008564986
0.010647521
0.010427684
0.012376822
0.011235244
0.011557850
0.011442276
0.0118543389
0.012357940
0.0117878333
0.012918480
0.0119580384
0.009192441
0.0114372298
0.012764354
0.0089955572
0.007573250
0.0053572861
4
0.0082816267
0.0083198979
0.0084069616
0.0085786991
0.0088916735
0.0093026049
0.0096037519
0.0097874192
0.0099106383
0.0100077663
0.0100982597
0.0101948896
0.0103073275
0.0104438372
0.0106150247
0.0108338657
0.0111170895
0.0114878568
0.0119829399
0.012664875
0.013220222
0.012599035
0.0122249474
0.0119839793
0.0116786656
0.0112610846
0.010746341
0.0100354608
0.010243409
0.006075408
0.013051224
0.009928593
0.011761346
0.009710832
0.010426724
0.009392794
0.010778627
0.008222937
0.011674830
0.0092010123
0.013316643
0.0100794659
0.014139617
0.0108367586
0.011343654
0.0099506503
0.014958682
0.0084782358
0.004930122
0.0084550686
5
0.0006219046
0.0005581096
0.0005004751
0.0004523664
0.0004188668
0.0004023222
0.0004018763
0.0004243405
0.0004725813
0.0005443068
0.0006355546
0.0007432141
0.0008658465
0.0010037897
0.0011587798
0.0013342721
0.0015358142
0.0017714818
0.0020530839
0.002398273
0.002749181
0.002828771
0.0028836846
0.0029279369
0.0029594241
0.0029865529
0.002996286
0.0030261253
0.002953685
0.003157130
0.002860747
0.003095890
0.002823619
0.002958069
0.002476955
0.002800875
0.002318181
0.002556466
0.002476790
0.0025014471
0.002843117
0.0024587415
0.003354374
0.0025066217
0.003309733
0.0024081305
0.003618856
0.0020381980
0.003610105
0.0034544073
6
0.0083815632
0.0083809376
0.0084262680
0.0085538610
0.0088194818
0.0091794737
0.0094313903
0.0095719654
0.0096582655
0.0097229167
0.0097829681
0.0098482850
0.0099254881
0.0100205123
0.0101401652
0.0102921023
0.0104846758
0.0107271303
0.0110308478
0.011405516
0.011502777
0.010409557
0.0094822062
0.0087129669
0.0080887005
0.0075660140
0.007158626
0.0066735750
0.006781198
0.005072955
0.007793113
0.004280602
0.008124033
0.005953105
0.008642967
0.007620191
0.010163630
0.007832743
0.011211225
0.0088321303
0.012736085
0.0097349299
0.012749764
0.0106660107
0.010752140
0.0097754290
0.014523650
0.0084449006
0.003990016
0.0074276436
7
0.0029513621
0.0030606355
0.0031875449
0.0033424974
0.0035496780
0.0037974524
0.0040047826
0.0041676892
0.0043102640
0.0044490923
0.0045964870
0.0047650629
0.0049713647
0.0052385195
0.0056066412
0.0061198354
0.0067617510
0.0074584089
0.0082160405
0.009112896
0.009937801
0.009801614
0.0096852905
0.0095840657
0.0094881192
0.0093977624
0.009302539
0.0092222753
0.009123028
0.008987486
0.008981233
0.008713263
0.008674953
0.008228980
0.007512870
0.007753721
0.007009133
0.007128146
0.007599545
0.0070301126
0.008773203
0.0067921301
0.010221699
0.0067656900
0.009937344
0.0065073360
0.010812999
0.0053695072
0.010326523
0.0096101903
8
0.0037724256
0.0038102682
0.0038759767
0.0039871345
0.0041719813
0.0044134348
0.0046155149
0.0047741389
0.0049152397
0.0050553097
0.0052063525
0.0053782414
0.0055810156
0.0058229954
0.0061038719
0.0064052328
0.0067147284
0.0070851810
0.0075969730
0.008299116
0.008898656
0.008539276
0.0081163559
0.0076709480
0.0071043819
0.0069792535
0.006245830
0.0055741342
0.008997131
0.008914665
0.011700911
0.008243028
0.010516056
0.008444230
0.009234338
0.008097134
0.009682408
0.007283380
0.010477147
0.0081649329
0.011900609
0.0090969095
0.012039862
0.0100283721
0.010346344
0.0091670086
0.013555904
0.0080188745
0.002849353
0.0056876720
9
0.0066630393
0.0068215681
0.0070213605
0.0072977563
0.0077081511
0.0082286387
0.0086855830
0.0090690241
0.0094261550
0.0097862445
0.0101666389
0.0105797889
0.0110379287
0.0115544118
0.0121471306
0.0128404198
0.0136676288
0.0146754589
0.0159320601
0.017532836
0.019019505
0.018634517
0.0182680362
0.0179519248
0.0176674876
0.0174085791
0.017159722
0.0169379334
0.016708344
0.016349755
0.016348136
0.015740075
0.015675739
0.014751666
0.013458052
0.013751562
0.012349503
0.012299730
0.012883106
0.0116793928
0.014492658
0.0110878925
0.016643800
0.0109056846
0.015987382
0.0103813602
0.017215660
0.0084903092
0.016357542
0.0152186858
10
0.0036353080
0.0037222136
0.0038267935
0.0039693417
0.0041810662
0.0044477170
0.0046746230
0.0048569438
0.0050206285
0.0051804151
0.0053419409
0.0055060195
0.0056702997
0.0058314359
0.0059907197
0.0061728342
0.0064197979
0.0067040592
0.0069062492
0.006882479
0.006603680
0.006090666
0.0061608748
0.0063584313
0.0067394030
0.0069849217
0.007792190
0.0083051393
0.009225936
0.013358640
0.011310660
0.012489421
0.011014063
0.011845503
0.009454214
0.011312341
0.008789248
0.010200708
0.008976866
0.0105385429
0.009799874
0.0105991441
0.010775685
0.0109090800
0.009860048
0.0102565092
0.011193657
0.0083422789
0.005263790
0.0035090362
11
0.0106178575
0.0105717160
0.0105843637
0.0106970055
0.0109751026
0.0113587746
0.0115937992
0.0116818241
0.0117004868
0.0116921661
0.0116795780
0.0116764067
0.0116945480
0.0117424476
0.0118275402
0.0119533743
0.0120911623
0.0118158110
0.0113204681
0.011907934
0.012383431
0.011647809
0.0110203420
0.0104830675
0.0095944030
0.0093974239
0.006234043
0.0067768560
0.012988237
0.012720476
0.014376496
0.012116679
0.013551625
0.012318212
0.012342045
0.012288447
0.012683014
0.010872450
0.013432830
0.0115123858
0.015120812
0.0121349449
0.016484182
0.0126926596
0.014096216
0.0115341646
0.016963450
0.0097572091
0.006990001
0.0126990315
12
0.0009736350
0.0010374453
0.0011244395
0.0012415199
0.0014029462
0.0016125507
0.0018423589
0.0020850814
0.0023427192
0.0026230624
0.0029333434
0.0032773948
0.0036557003
0.0040701694
0.0045232286
0.0050200909
0.0055705661
0.0061928675
0.0069164481
0.007787640
0.008623474
0.008635785
0.0086520706
0.0086326151
0.0086670108
0.0086837754
0.009042353
0.0094490321
0.007872316
0.011718934
0.010688542
0.011037277
0.010134256
0.010559130
0.008621547
0.010080159
0.008268744
0.008965681
0.008575989
0.0089959590
0.009258100
0.0088862921
0.009426642
0.0091208854
0.007537209
0.0086655182
0.009464344
0.0073434757
0.003685630
0.0058005919
13
0.0053308258
0.0055006919
0.0057030778
0.0059668611
0.0063390739
0.0067996626
0.0072033517
0.0075407788
0.0078551659
0.0081930278
0.0087647869
0.0099244105
0.0104725391
0.0109607876
0.0115027698
0.0121344842
0.0128912097
0.0138189995
0.0149841532
0.016479589
0.017882130
0.017586752
0.0173752325
0.0172394477
0.0171641569
0.0171179228
0.017044677
0.0168259306
0.016580467
0.016224409
0.016193669
0.015591472
0.015503144
0.014583232
0.013281576
0.013565305
0.012161450
0.012107338
0.012660126
0.0114717446
0.014211355
0.0108831883
0.016324128
0.0107047019
0.015676580
0.0101838798
0.016870483
0.0083257356
0.016032844
0.0149241231
14
0.0007454147
0.0007821826
0.0008252035
0.0008804745
0.0009571702
0.0010556912
0.0011578275
0.0012645201
0.0013851659
0.0015281015
0.0017030952
0.0019252173
0.0022162681
0.0025970504
0.0030605577
0.0035545087
0.0040381409
0.0045253839
0.0050507208
0.005614155
0.006085377
0.005894726
0.0055992190
0.0051453470
0.0044606711
0.0039646222
0.003082181
0.0051160272
0.009844380
0.013779080
0.011926074
0.013045052
0.011579933
0.012359503
0.009944758
0.011836384
0.009273628
0.010701083
0.009466805
0.0109199976
0.010331053
0.0109116127
0.011329655
0.0111562103
0.010264156
0.0104328989
0.011690569
0.0084291676
0.004755874
0.0044364236
15
0.0042307182
0.0041812039
0.0041429613
0.0041280376
0.0041553734
0.0041934285
0.0041427950
0.0040073689
0.0038192457
0.0035961373
0.0033451937
0.0030656918
0.0027515312
0.0023902716
0.0019649333
0.0014551037
0.0008380659
0.0001306937
0.0008457277
0.001950895
0.003199741
0.004071915
0.0046491456
0.0049985637
0.0051430845
0.0051735477
0.005030951
0.0050553830
0.004216490
0.006402612
0.002808804
0.006119663
0.002356219
0.005585792
0.001917502
0.004902111
0.002000477
0.004372268
0.002158443
0.0049316015
0.002876222
0.0059365887
0.003735071
0.0075715615
0.004123503
0.0068944220
0.006355836
0.0081396621
0.002456528
0.0016832272
16
0.0200532023
0.0200643120
0.0200786195
0.0200967586
0.0201097706
0.0200874326
0.0200467838
0.0200195381
0.0200057156
0.0200004584
0.0200007142
0.0200052271
0.0200139480
0.0200276804
0.0200479757
0.0200770129
0.0201175168
0.0201728873
0.0202470321
0.020339602
0.019742238
0.016820646
0.0139881856
0.0113075280
0.0090378045
0.0078449124
0.007625228
0.0067717221
0.014529041
0.016936207
0.016888541
0.016769536
0.016495276
0.016390830
0.015882279
0.016067996
0.015348246
0.014704315
0.015820503
0.0162490436
0.017820985
0.0173023960
0.020577189
0.0190054704
0.019914482
0.0180374489
0.022459639
0.0157258071
0.018905464
0.0182093597
17
0.0059084468
0.0060478808
0.0062268333
0.0064758564
0.0068445660
0.0073097270
0.0077145822
0.0080487867
0.0083542053
0.0086577787
0.0089764795
0.0093231697
0.0097109253
0.0101519119
0.0106624897
0.0112646277
0.0119881463
0.0128746471
0.0139848687
0.015404004
0.016731863
0.016454486
0.0162228718
0.0160209125
0.0158344465
0.0156601242
0.015485065
0.0152934363
0.015062436
0.014722620
0.014694168
0.014135009
0.014054844
0.013213440
0.012035801
0.012288006
0.011018549
0.010965729
0.011470116
0.0103898347
0.012878041
0.0098617824
0.014806130
0.0097111067
0.014238688
0.0092536229
0.015348430
0.0075764169
0.014598489
0.0135900084
18
0.0006242987
0.0005922921
0.0005664026
0.0005490888
0.0005439892
0.0005489649
0.0005536327
0.0005600411
0.0005735841
0.0005981716
0.0006360194
0.0006884854
0.0007552363
0.0008392787
0.0009435793
0.0010719291
0.0012300665
0.0014269487
0.0016767213
0.002001927
0.002347550
0.002463397
0.0025768518
0.0027318209
0.0029362956
0.0031755143
0.003439163
0.0036809453
0.004001204
0.004175613
0.004324431
0.004213193
0.004282403
0.004066283
0.003791237
0.003910521
0.003633846
0.003717378
0.004107067
0.0038222719
0.004872110
0.0037579101
0.005726386
0.0037716125
0.005594940
0.0036493435
0.006115049
0.0030248257
0.005872562
0.0055040827
19
0.0015659932
0.0014561728
0.0013595583
0.0012755558
0.0012055740
0.0011364949
0.0010424871
0.0009330479
0.0008258995
0.0007397081
0.0006994450
0.0007308326
0.0008429288
0.0010291611
0.0012778567
0.0015833957
0.0019509493
0.0023998196
0.0029660702
0.003698698
0.004534069
0.005010027
0.0054447335
0.0058198336
0.0060821789
0.0061765654
0.005724306
0.0035836148
0.005528151
0.016986444
0.012902718
0.014926675
0.013316393
0.013454968
0.011920715
0.012537230
0.011684412
0.011427624
0.011860412
0.0121861647
0.012582121
0.0123924569
0.012991527
0.0130003305
0.010491751
0.0127994533
0.012142373
0.0106111907
0.004715806
0.0074551242
20
0.0055651742
0.0048102507
0.0041587111
0.0036191321
0.0031998282
0.0028686880
0.0025672727
0.0023182079
0.0021364553
0.0020146829
0.0019419734
0.0019089164
0.0019087077
0.0019407532
0.0020095227
0.0021296377
0.0023394170
0.0027116985
0.0033411068
0.004375919
0.005508053
0.005876325
0.0060474174
0.0066588786
0.0076601158
0.0093114866
0.007751879
0.0101440979
0.017299284
0.024752293
0.020288600
0.020206721
0.021761546
0.020130786
0.022991601
0.020371493
0.022821248
0.020548286
0.023622704
0.0218486959
0.025574910
0.0237145674
0.027223010
0.0261988954
0.024683058
0.0267362224
0.027895982
0.0243969723
0.023520242
0.0209571160
21
0.0016252931
0.0016029496
0.0016039853
0.0016382863
0.0017218026
0.0018555173
0.0020103445
0.0021914756
0.0024143854
0.0026911434
0.0030229555
0.0033982626
0.0037974163
0.0042112114
0.0046399291
0.0050932959
0.0055885869
0.0061515720
0.0068195305
0.007652870
0.008454600
0.008437017
0.0084169105
0.0083508721
0.0082863169
0.0081533035
0.008071634
0.0076156131
0.008098256
0.009220456
0.012567857
0.014543883
0.012224126
0.012688932
0.010914389
0.011621644
0.010446404
0.010646071
0.010507507
0.0114900608
0.011279810
0.0117277300
0.012259279
0.0122920795
0.010905138
0.0117847531
0.011874016
0.0097968426
0.002183670
0.0077031978
22
0.0029754602
0.0031818536
0.0034141966
0.0036922968
0.0040500064
0.0044813067
0.0048929478
0.0052707317
0.0056346857
0.0059994397
0.0063749443
0.0067694570
0.0071898569
0.0076487018
0.0081608456
0.0087456034
0.0094293695
0.0102489651
0.0112576402
0.012531819
0.013753526
0.013662711
0.0135910425
0.0135254750
0.0134540936
0.0133793022
0.013276326
0.0131980405
0.012941508
0.013085905
0.012446152
0.012633380
0.011846650
0.011883905
0.009991326
0.011183414
0.008985911
0.009471138
0.009034918
0.0101611444
0.009889740
0.0102404509
0.010750430
0.0104889964
0.009515301
0.0098315420
0.010981892
0.0080339353
0.004395396
0.0048014127
23
0.0025704019
0.0027366624
0.0029307253
0.0031694052
0.0034825245
0.0038669735
0.0042456056
0.0046102630
0.0049863975
0.0054111060
0.0060849407
0.0074684694
0.0083234605
0.0091913456
0.0102118282
0.0114247836
0.0128232839
0.0143580156
0.0160734045
0.018116445
0.020057119
0.020052027
0.0200462546
0.0200390623
0.0200341842
0.0200294129
0.020030146
0.0200243208
0.020047731
0.019733121
0.020162592
0.019335595
0.019866107
0.017732402
0.014991675
0.014208816
0.012565641
0.012500178
0.012079954
0.0123898271
0.012807606
0.0120589646
0.009458766
0.0123287138
0.006928207
0.0121458926
0.014064042
0.0094650213
0.007640164
0.0056747438
24
0.0053264750
0.0054496307
0.0056084728
0.0058301577
0.0061587388
0.0065723469
0.0069292997
0.0072203309
0.0074829339
0.0077408460
0.0080085684
0.0082965884
0.0085933084
0.0089247037
0.0093099507
0.0097668576
0.0103193905
0.0110007495
0.0118590990
0.012961625
0.013967248
0.013625421
0.0133346594
0.0130801879
0.0128494047
0.0126376718
0.012434491
0.0122525600
0.012068451
0.011787074
0.011768655
0.011306136
0.011245677
0.010555016
0.009614297
0.009800395
0.008787755
0.008734792
0.009135001
0.0082672792
0.010242882
0.0078377376
0.011757349
0.0077077330
0.011287786
0.0073343724
0.012150244
0.0059968939
0.011541150
0.0107370633
25
0.0027451510
0.0026917545
0.0026640415
0.0026713052
0.0027277257
0.0028156512
0.0028693476
0.0028875157
0.0028903713
0.0028900940
0.0028936003
0.0029047866
0.0029272648
0.0029630504
0.0030138830
0.0030824511
0.0031723682
0.0032864347
0.0034226798
0.003578632
0.003660092
0.003358138
0.0030824749
0.0028467024
0.0025054578
0.0021640277
0.001344272
0.0017194661
0.012889302
0.012760512
0.014627237
0.012380907
0.013742142
0.012572267
0.012461036
0.012570830
0.012987301
0.011348831
0.013659147
0.0118405670
0.015247689
0.0123819989
0.016319381
0.0129623142
0.013931533
0.0119387177
0.017321252
0.0101006761
0.006185762
0.0129449960
26
0.0118219334
0.0117588190
0.0117678536
0.0119007724
0.0122340662
0.0127044452
0.0130286753
0.0131999838
0.0132940266
0.0133517058
0.0133917970
0.0134224784
0.0134467180
0.0134655181
0.0134800186
0.0134926487
0.0135089363
0.0135400019
0.0136045096
0.013724690
0.013480571
0.011820186
0.0103492464
0.0090045641
0.0077471432
0.0064690806
0.005140040
0.0018574188
0.007406902
0.012142740
0.014371024
0.012029364
0.013658865
0.012281707
0.012460935
0.012214820
0.012705172
0.010675680
0.013536175
0.0114591702
0.015312603
0.0121493764
0.016805116
0.0126829002
0.014194325
0.0114967749
0.016928294
0.0097400212
0.007698842
0.0129053952
27
0.0030456761
0.0030933606
0.0031692294
0.0032886125
0.0034764487
0.0037213413
0.0039451882
0.0041435556
0.0043378324
0.0045411721
0.0047609650
0.0050028200
0.0052722898
0.0055773420
0.0059283693
0.0063394146
0.0068294434
0.0074250385
0.0081655166
0.009102984
0.010029299
0.010030382
0.0100479386
0.0099999332
0.0097667229
0.0089880677
0.006929620
0.0066475277
0.007937226
0.011996526
0.009780526
0.011061409
0.009509934
0.010495266
0.008135101
0.009981346
0.007578760
0.008963688
0.007775182
0.0093760537
0.008458011
0.0094908976
0.009214649
0.0098681578
0.008380720
0.0093393641
0.009524279
0.0077085634
0.005618746
0.0032569868
28
0.0050354029
0.0051316418
0.0052607000
0.0054475857
0.0057325450
0.0060939515
0.0064000106
0.0066433331
0.0068593227
0.0070701434
0.0072892699
0.0075262780
0.0077902412
0.0080912099
0.0084415030
0.0088574025
0.0093608682
0.0099823825
0.0107662335
0.011773887
0.012695505
0.012393316
0.0121372020
0.0119143139
0.0117122331
0.0115271698
0.011349075
0.0111886799
0.011028356
0.010772615
0.010770701
0.010349648
0.010301102
0.009673566
0.008814355
0.008988398
0.008061302
0.008013026
0.008384000
0.0075837614
0.009404363
0.0071881294
0.010797259
0.0070665378
0.010368318
0.0067244091
0.011161587
0.0054972586
0.010597013
0.0098513144
29
0.0006241517
0.0006483098
0.0006829530
0.0007304381
0.0007963244
0.0008788018
0.0009594955
0.0010357443
0.0011118316
0.0011902788
0.0012725473
0.0013600911
0.0014547202
0.0015589323
0.0016760432
0.0018105890
0.0019686810
0.0021586102
0.0023924451
0.002689285
0.002984892
0.003001153
0.0030226927
0.0030467284
0.0030735490
0.0031032248
0.003128067
0.0031618731
0.003093296
0.003231751
0.002989417
0.003104929
0.002930609
0.002930621
0.002562839
0.002771269
0.002399351
0.002539170
0.002550287
0.0024889627
0.002916931
0.0024424930
0.003412325
0.0024805741
0.003329813
0.0023881830
0.003621687
0.0019913162
0.003571712
0.0034336986
30
0.0065776325
0.0067872376
0.0070405077
0.0073720956
0.0078393198
0.0084166696
0.0089231275
0.0093443780
0.0097274754
0.0101030917
0.0104910317
0.0109067725
0.0113653899
0.0118820423
0.0124762371
0.0131723541
0.0140026331
0.0150130081
0.0162720731
0.017876306
0.019317527
0.018812301
0.0184192142
0.0180787368
0.0177724268
0.0174940608
0.017227493
0.0169900173
0.016740715
0.016374406
0.016347215
0.015731702
0.015650142
0.014714451
0.013408882
0.013689958
0.012281734
0.012223731
0.012790871
0.0115887520
0.014367541
0.0110034431
0.016519119
0.0108364173
0.015885529
0.0103259195
0.017123259
0.0084532308
0.016285763
0.0151622082
31
0.0113655318
0.0113164619
0.0113206110
0.0114219256
0.0116865796
0.0120427610
0.0122094037
0.0121767757
0.0120146868
0.0117582866
0.0114284425
0.0110481959
0.0106494716
0.0102621507
0.0099108222
0.0096135060
0.0093837716
0.0092322772
0.0091692602
0.009205565
0.009046483
0.007959818
0.0069812797
0.0061296992
0.0051792752
0.0041848158
0.002480634
0.0014162488
0.008017520
0.012899367
0.014559614
0.012135407
0.013743914
0.012385950
0.012528577
0.012317895
0.012805828
0.010785775
0.013652003
0.0115327041
0.015443482
0.0122097858
0.016871505
0.0127078366
0.013933450
0.0115599878
0.017056916
0.0097961865
0.008003028
0.0130906434
32
0.0053177865
0.0054559472
0.0056277928
0.0058610496
0.0062005892
0.0066249859
0.0069915081
0.0072904954
0.0075596825
0.0078228713
0.0080947201
0.0083859577
0.0087062260
0.0090659037
0.0094795485
0.0099675570
0.0105576940
0.0112869602
0.0122072530
0.013389967
0.014496184
0.014225792
0.0139180096
0.0136499908
0.0134071764
0.0131853034
0.012971513
0.0127881159
0.012593339
0.012322672
0.012287543
0.011836311
0.011764080
0.011071584
0.010080244
0.010301128
0.009233423
0.009198126
0.009617082
0.0087214058
0.010803337
0.0082830597
0.012424285
0.0081599918
0.011950811
0.0077757381
0.012883931
0.0063677867
0.012257919
0.0114139361
33
0.0017818417
0.0017882380
0.0018136231
0.0018673498
0.0019642655
0.0020993089
0.0022309529
0.0023598084
0.0025004037
0.0026616955
0.0028516120
0.0030812439
0.0033701722
0.0037547971
0.0042999720
0.0050769409
0.0060023847
0.0068273884
0.0075128945
0.008140689
0.008352476
0.006836317
0.0072352011
0.0053788608
0.0061145463
0.0048440065
0.006729318
0.0074896044
0.008782833
0.013072444
0.010542528
0.012163104
0.010380271
0.011329564
0.009002588
0.010706013
0.008355631
0.009733337
0.008375400
0.0102113852
0.009017705
0.0103897053
0.009886179
0.0108469356
0.009133481
0.0103003034
0.010077595
0.0084717145
0.007206069
0.0009135311
34
0.0021247178
0.0020740712
0.0020417891
0.0020302067
0.0019993630
0.0018390769
0.0016502000
0.0015398354
0.0014882054
0.0014729034
0.0014821408
0.0015099295
0.0015533719
0.0016115362
0.0016850292
0.0017759660
0.0018880015
0.0020267191
0.0022009990
0.002424761
0.002632752
0.002575311
0.0025159049
0.0024637850
0.0024188453
0.0023814689
0.002349291
0.0023273523
0.002264789
0.002297596
0.002169596
0.002175936
0.002095519
0.002020615
0.001797303
0.001875816
0.001656765
0.001693480
0.001736568
0.0016365484
0.001965084
0.0015886418
0.002282451
0.0016001993
0.002211522
0.0015435935
0.002401063
0.0012719887
0.002340754
0.0022516044
35
0.0017623280
0.0016476398
0.0015522916
0.0014773912
0.0014266153
0.0013865930
0.0013247922
0.0012455342
0.0011601498
0.0010738714
0.0009885468
0.0009046308
0.0008208142
0.0007355355
0.0006477960
0.0005604946
0.0005131923
0.0008252048
0.0020848767
0.002183369
0.001862128
0.001484949
0.0009584843
0.0006703621
0.0003812992
0.0005643168
0.001182017
0.0031158527
0.005722558
0.009874225
0.012784227
0.009862154
0.011939566
0.010258224
0.010730579
0.010052734
0.011163661
0.008812190
0.012062668
0.0096415454
0.013703028
0.0104302007
0.014276089
0.0111551698
0.011028202
0.0103254925
0.015682098
0.0087363784
0.005266207
0.0092936345
36
0.0047354979
0.0050200373
0.0053421339
0.0056859158
0.0061011370
0.0065841127
0.0070037700
0.0073553817
0.0076820997
0.0080151586
0.0083793271
0.0087998887
0.0093041163
0.0099008960
0.0105811974
0.0113320080
0.0121677659
0.0131359853
0.0143099622
0.015785846
0.017158160
0.016876323
0.0166400197
0.0164366245
0.0162567514
0.0161085420
0.016008900
0.0160459874
0.016167850
0.016051253
0.016122039
0.015508246
0.015421583
0.014494620
0.013202665
0.013475126
0.012082494
0.012020684
0.012571571
0.0113835066
0.014104722
0.0107928594
0.016192483
0.0106092130
0.015541446
0.0100889686
0.016718300
0.0082443609
0.015880442
0.0147783638
37
0.0055312799
0.0054221546
0.0053066239
0.0052105518
0.0051676847
0.0051501540
0.0050559325
0.0049177808
0.0047948327
0.0047106167
0.0046648321
0.0046476577
0.0046480932
0.0046521019
0.0046422147
0.0045905476
0.0044274500
0.0038403554
0.0019324863
0.001669095
0.001592198
0.001134074
0.0008397358
0.0006869955
0.0008954945
0.0012523888
0.001630420
0.0037223259
0.008024148
0.019649115
0.015315170
0.017048022
0.015628489
0.015649916
0.013960045
0.014388440
0.014010391
0.013140735
0.013868947
0.0139229016
0.014409491
0.0142069173
0.013346688
0.0150271040
0.010187312
0.0151429193
0.014545078
0.0121604238
0.007292639
0.0061591547
38
0.0034055289
0.0033768760
0.0033777529
0.0034205336
0.0035257263
0.0036748817
0.0037861724
0.0038547042
0.0038987930
0.0039295301
0.0039520131
0.0039681504
0.0039773930
0.0039825105
0.0039860718
0.0039907691
0.0039992766
0.0040155812
0.0040474647
0.004114203
0.004086695
0.003657215
0.0033159098
0.0030167867
0.0027882164
0.0025872957
0.002469058
0.0022915656
0.002366172
0.001567112
0.002513515
0.001359832
0.002356187
0.001173607
0.001961831
0.001068463
0.001784749
0.000952683
0.001755714
0.0008552841
0.001916879
0.0007719923
0.002077994
0.0007470678
0.001858654
0.0007235184
0.002017033
0.0006110808
0.001543862
0.0014298558
39
0.0069107750
0.0068141590
0.0067227640
0.0066309045
0.0065395074
0.0064134966
0.0061958978
0.0059860235
0.0058492930
0.0057907405
0.0057990263
0.0058637872
0.0059791800
0.0061442465
0.0063631143
0.0066455461
0.0070075992
0.0074733879
0.0080816780
0.008898024
0.009723075
0.009728040
0.0098894545
0.0101572460
0.0104177971
0.0105648353
0.010572909
0.0105489647
0.010262003
0.010448170
0.009808368
0.009960459
0.009412300
0.009212515
0.008007207
0.008488336
0.007289747
0.007569224
0.007565009
0.0072158367
0.008474885
0.0069035768
0.009747021
0.0068467131
0.009364803
0.0064851596
0.010035294
0.0053382483
0.009738218
0.0091011193
40
0.0024712071
0.0024905503
0.0025308417
0.0026003359
0.0027168505
0.0028690679
0.0029945283
0.0030902820
0.0031733374
0.0032542202
0.0033392572
0.0034330231
0.0035397999
0.0036644373
0.0038130278
0.0039936640
0.0042173151
0.0044992547
0.0048618562
0.005337200
0.005787895
0.005687341
0.0055733121
0.0053841913
0.0051073437
0.0048012132
0.004523458
0.0042966167
0.004127237
0.003908335
0.003890351
0.003642572
0.003616544
0.003362515
0.003083751
0.003123081
0.002813659
0.002778875
0.002920590
0.0026238134
0.003270660
0.0024821237
0.003748484
0.0024366965
0.003594789
0.0023177276
0.003866128
0.0018937313
0.003661376
0.0033976232
41
0.0134391483
0.0133394616
0.0132843549
0.0133125597
0.0134709179
0.0135905386
0.0131636526
0.0123609842
0.0117780774
0.0113043378
0.0108317616
0.0103420107
0.0098394607
0.0093201975
0.0087506948
0.0080676194
0.0073303403
0.0068395979
0.0067031175
0.006834360
0.007115340
0.007495314
0.0058862300
0.0066708615
0.0048237794
0.0058212503
0.006662155
0.0089958917
0.014616627
0.016268545
0.016637945
0.016113184
0.016210603
0.015902428
0.015350740
0.015643934
0.014806700
0.013537547
0.015583854
0.0151309027
0.017769706
0.0162338256
0.020570501
0.0178130320
0.019920018
0.0167978631
0.022487761
0.0143146488
0.014192825
0.0175258421
42
0.0000366326
0.0001091440
0.0002016071
0.0003006360
0.0004121778
0.0005416705
0.0006817968
0.0008289655
0.0009857691
0.0011612942
0.0013639121
0.0015963870
0.0018532619
0.0021269494
0.0024103629
0.0027018164
0.0030066520
0.0033372582
0.0037112484
0.004151046
0.004565078
0.004545960
0.0045375488
0.0045367864
0.0045521292
0.0045826945
0.004629621
0.0046893828
0.004624230
0.004859230
0.004556662
0.004561400
0.004428534
0.004233354
0.003813708
0.004062391
0.003612697
0.003889150
0.003895863
0.0041975507
0.004506494
0.0047097030
0.005199293
0.0055750240
0.004894801
0.0053561365
0.005498774
0.0053213384
0.004285182
0.0048607622
43
0.0025207363
0.0026404785
0.0027826588
0.0029631115
0.0032083008
0.0035129166
0.0038051716
0.0040760892
0.0043428970
0.0046183912
0.0049088353
0.0052175742
0.0055486998
0.0059090170
0.0063110347
0.0067803331
0.0073895626
0.0086401148
0.0103869781
0.011526504
0.012511034
0.012197527
0.0117581508
0.0109734769
0.0098108739
0.0082930941
0.007995178
0.0079391568
0.008320402
0.012649255
0.010207739
0.011728187
0.010014003
0.010992518
0.008639533
0.010409696
0.008009765
0.009436783
0.008079761
0.0099032262
0.008728271
0.0100705170
0.009568876
0.0105027155
0.008838846
0.0099620236
0.009837667
0.0081946542
0.006786157
0.0016946371
44
0.0044652439
0.0048394005
0.0052190039
0.0056112666
0.0060795130
0.0066244465
0.0071144080
0.0075398499
0.0079394091
0.0083392121
0.0087556505
0.0092013381
0.0096872018
0.0102287106
0.0108448226
0.0115599027
0.0124060042
0.0134267805
0.0146841445
0.016260839
0.017710910
0.017349254
0.0168374291
0.0161304243
0.0153412858
0.0143752620
0.012711694
0.0081092113
0.009448526
0.015353162
0.013285856
0.014741831
0.013319748
0.013671303
0.011761459
0.012957132
0.011208098
0.011892795
0.011392675
0.0119022628
0.012442166
0.0116230191
0.013278160
0.0114487595
0.007660507
0.0109647559
0.012863723
0.0086791414
0.006840530
0.0070586665
45
0.0098451659
0.0097633897
0.0097205658
0.0097510593
0.0099067988
0.0101210037
0.0101551982
0.0100089282
0.0097519046
0.0094253871
0.0090500476
0.0086315229
0.0081598283
0.0076165942
0.0070082052
0.0064102842
0.0059131453
0.0055321715
0.0052399520
0.005057012
0.004740942
0.003892757
0.0031486947
0.0024729643
0.0019388183
0.0013838278
0.001324688
0.0005908227
0.008944460
0.013678818
0.015190566
0.012839167
0.014360134
0.013065363
0.013119262
0.013022984
0.013408797
0.011523081
0.014230652
0.0121875573
0.016056451
0.0128320690
0.017517822
0.0133151401
0.014457682
0.0121618574
0.017831942
0.0103035706
0.008619911
0.0141942853
46
0.0012443552
0.0012226999
0.0012076158
0.0012037190
0.0012178743
0.0012427759
0.0012509198
0.0012444716
0.0012334183
0.0012227972
0.0012156324
0.0012142603
0.0012225719
0.0012411539
0.0012719126
0.0013179471
0.0013833148
0.0014728164
0.0015925557
0.001749218
0.001904600
0.001887160
0.0018736962
0.0018615475
0.0018376471
0.0018131450
0.001762628
0.0017552299
0.001597093
0.001893148
0.001368689
0.001785091
0.001309135
0.001661228
0.001125197
0.001539766
0.001035530
0.001384367
0.001108757
0.0013556086
0.001261698
0.0013341668
0.001480895
0.0013564987
0.001447286
0.0012529122
0.001522366
0.0010630638
0.001594696
0.0015485293
47
0.0016574730
0.0016506251
0.0016710936
0.0017275054
0.0018339615
0.0019864367
0.0021442295
0.0023007552
0.0024615172
0.0026312239
0.0028126453
0.0030075997
0.0032149176
0.0034417982
0.0036958239
0.0039863723
0.0043264953
0.0047356941
0.0052435532
0.005896388
0.006544185
0.006574425
0.0066071283
0.0066347368
0.0066696169
0.0067015736
0.006749707
0.0067764122
0.006874187
0.006755536
0.007103927
0.006783780
0.007091182
0.006640554
0.006359315
0.006450733
0.006230610
0.006050236
0.006940381
0.0065092245
0.009069425
0.0101702687
0.013158113
0.0135768380
0.011749722
0.0132224077
0.012848727
0.0111993320
0.005704208
0.0105858634
48
0.0017309575
0.0018116002
0.0019081328
0.0020304467
0.0021957204
0.0023991466
0.0025905279
0.0027641337
0.0029323668
0.0031032879
0.0032819645
0.0034726364
0.0036797442
0.0039092804
0.0041688333
0.0044686154
0.0048225273
0.0052498570
0.0057787061
0.006450793
0.007106474
0.007091737
0.0070918838
0.0071002892
0.0071152828
0.0071352372
0.007151188
0.0071739475
0.007095145
0.007158817
0.006975511
0.006938887
0.006808356
0.006566603
0.005930709
0.006197273
0.005521489
0.005635767
0.005831603
0.0054592083
0.006634507
0.0052972134
0.007718968
0.0053300808
0.007498491
0.0051390227
0.008147900
0.0042637549
0.007915716
0.0075391363
49
0.0020961073
0.0021982662
0.0023360458
0.0025347186
0.0028465370
0.0033444415
0.0040774193
0.0047832825
0.0052074260
0.0055401619
0.0058702621
0.0062220019
0.0066074654
0.0070375895
0.0075257854
0.0080902032
0.0087555914
0.0095561857
0.0105316679
0.011740711
0.012903677
0.012825050
0.0127024647
0.0124094414
0.0116854161
0.0087012900
0.007164990
0.0083576351
0.009859834
0.013961909
0.011942474
0.013140628
0.011656063
0.012436937
0.010030548
0.011886645
0.009316484
0.010749703
0.009480565
0.0110557713
0.010350683
0.0110971684
0.011425905
0.0113800895
0.010502431
0.0106614024
0.011886952
0.0085999255
0.005143184
0.0037179782
50
0.0032668810
0.0032552451
0.0032633997
0.0033061497
0.0034063967
0.0035495279
0.0036596076
0.0037362190
0.0038021652
0.0038712147
0.0039514332
0.0040483624
0.0041669062
0.0043124936
0.0044918257
0.0047137698
0.0049903807
0.0053385449
0.0057830224
0.006358975
0.006901868
0.006789755
0.0067021092
0.0066275672
0.0065591123
0.0064952298
0.006428787
0.0063728727
0.006291943
0.006214992
0.006165622
0.006000531
0.005934868
0.005647897
0.005117144
0.005268858
0.004694910
0.004715003
0.004898673
0.0044847377
0.005510911
0.0042735993
0.006347418
0.0042240367
0.006114448
0.0040263463
0.006595705
0.0033069809
0.006301142
0.0058837704
Showing 1 to 29 of 50 entries, 100 total columns
